3.366121931928345390e+01 -1.286990687706581760e+01 -1.049091016161422374e+01 2.585204779468130589e+09 5.522246199007755152e+00 4.236717649404429267e+02
3.186426480794245109e+01 -1.156276265260999025e+01 -8.727701478423835368e+00 2.088471233525212526e+09 5.195116796260553116e+00 3.537812090628796682e+02
3.051607743646155413e+01 -1.068015044603853525e+01 -7.464491390162075746e+00 1.742961934746664286e+09 4.836114603306883808e+00 3.116171952703550687e+02
2.954699895643997465e+01 -1.005874659505593272e+01 -6.543016886898607609e+00 1.495517947666810513e+09 4.518732603294384198e+00 2.827114278982393785e+02
2.848402775234856676e+01 -9.583245570163096971e+00 -5.841133558095040534e+00 1.310498694683182955e+09 4.237923723600819592e+00 2.618079936628084283e+02
2.765680269860281371e+01 -9.185922532076673974e+00 -5.288224142114924753e+00 1.168777678701732635e+09 3.995990734232198083e+00 2.459815728492426956e+02
2.687463068634399477e+01 -8.856846034790585520e+00 -4.849242686837013316e+00 1.058345603793446302e+09 3.797051873344269524e+00 2.320703211530235706e+02
2.624297907989934231e+01 -8.570310121917888324e+00 -4.489021888691972606e+00 9.689637518524748087e+08 3.613637597503995380e+00 2.222157567966237934e+02
2.556304653139441285e+01 -8.301558251810508438e+00 -4.188675247339839203e+00 8.957397356332495213e+08 3.454774220603727741e+00 2.134212400349812242e+02
2.493449394186587398e+01 -8.062464871811531708e+00 -3.941377494567427586e+00 8.361768473309108019e+08 3.325299605319950391e+00 2.064880191625447878e+02
2.437970021662424713e+01 -7.843148495057556957e+00 -3.733457697841827017e+00 7.866049268042232990e+08 3.213980620100302499e+00 2.011298881303483483e+02
2.384482488637690167e+01 -7.629877105680934690e+00 -3.553042094936807338e+00 7.441317613703831434e+08 3.113062463435019911e+00 1.961513150481500247e+02
2.331625339803915153e+01 -7.427755598771697443e+00 -3.397731143780532204e+00 7.079537720171592236e+08 3.026900367766725886e+00 1.913691675673551345e+02
2.280658702682453765e+01 -7.237275066396470891e+00 -3.263361817948715160e+00 6.769316122536413670e+08 2.953333324251784298e+00 1.868039101109002615e+02
2.213799800009170582e+01 -6.980057908109234432e+00 -3.099824812348270786e+00 6.395636373811833858e+08 2.861185101470728576e+00 1.805516948486059050e+02
2.132589480005942306e+01 -6.662495932968510282e+00 -2.922159627711240049e+00 5.995082353972219229e+08 2.758495864817783971e+00 1.720776885148236204e+02
2.051101168585465473e+01 -6.347284616733528395e+00 -2.768983801091883468e+00 5.655339223948155642e+08 2.669126393857281343e+00 1.622839586278228978e+02
1.969158307326996393e+01 -6.033763431280576128e+00 -2.632186049394907634e+00 5.356005854330335855e+08 2.587454796265611812e+00 1.511745958550616251e+02
1.887291083042464024e+01 -5.722611237550905727e+00 -2.506087413576088441e+00 5.083086548885771036e+08 2.508931785015705351e+00 1.388917520670878503e+02
1.804727188635384039e+01 -5.412665775841703386e+00 -2.386338831949005534e+00 4.827118094345827699e+08 2.430926894578621766e+00 1.253917526400449134e+02
1.720848994922850750e+01 -5.102788841383445906e+00 -2.269813876749502857e+00 4.581167898505484462e+08 2.351352099236273308e+00 1.106955520427975870e+02
1.635604220721901214e+01 -4.792382576869468558e+00 -2.154255574233371107e+00 4.339463185527173281e+08 2.267842791182538953e+00 9.497203338323294020e+01
1.548910317887867727e+01 -4.481851666894940855e+00 -2.038302463011051557e+00 4.098605373774765730e+08 2.179164868000898814e+00 7.847098934606516707e+01
1.460507552464301817e+01 -4.172722718928722152e+00 -1.921340980232430606e+00 3.857468571219695210e+08 2.085322243483220817e+00 6.152465615257129627e+01
1.370508066633430211e+01 -3.866440948676445721e+00 -1.803217034810893793e+00 3.615626377835515141e+08 1.986384815068272136e+00 4.449298068093943925e+01
1.279425476896836855e+01 -3.564362175717673331e+00 -1.684143787990814101e+00 3.373070351442630291e+08 1.882342613944614218e+00 2.776213381508067712e+01
1.187960297740353433e+01 -3.268751945032465578e+00 -1.564899585162464746e+00 3.131070824126849174e+08 1.774027466262841468e+00 1.166644015421674929e+01
1.096877388210353743e+01 -2.982439278243769643e+00 -1.446622835037203458e+00 2.891780694053291678e+08 1.662890173111029268e+00 -3.504048165825036421e+00
1.006586685480054122e+01 -2.706856576857624930e+00 -1.330055540956481153e+00 2.656674529655436575e+08 1.550025147568909745e+00 -1.747177528616749242e+01
9.172984638969445825e+00 -2.442597255697307901e+00 -1.215698124695454796e+00 2.426773756603970528e+08 1.436278831259780064e+00 -2.998347510076876787e+01
8.294983688887894502e+00 -2.191136201426003183e+00 -1.104415886343066644e+00 2.203628924005952179e+08 1.322812632882174988e+00 -4.083447991645218877e+01
7.437785598448865443e+00 -1.954170536992031026e+00 -9.971884428917701104e-01 1.988964431790020466e+08 1.210888978927723958e+00 -4.987251008259399754e+01
6.606813186108210445e+00 -1.732733969179760525e+00 -8.948795443479496958e-01 1.784460096459340453e+08 1.101753112153764924e+00 -5.700312488096812302e+01
5.806781921363098675e+00 -1.527396811066511928e+00 -7.981655031647707510e-01 1.591466127125408053e+08 9.964739016821346773e-01 -6.219192939187843905e+01
5.042277198252134163e+00 -1.338504021464776983e+00 -7.075016036466418301e-01 1.410767203781062663e+08 8.958593625818017658e-01 -6.549039152256030150e+01
4.316749784351970654e+00 -1.166281372681865935e+00 -6.232827413431866193e-01 1.243029325713708997e+08 8.006785918758534404e-01 -6.698696820958811315e+01
3.631889287177451742e+00 -1.011022189887558875e+00 -5.460632722499618730e-01 1.089332950446183234e+08 7.120015767138649920e-01 -6.678654138742311375e+01
2.989429745288305629e+00 -8.726911974908124758e-01 -4.761710475568764478e-01 9.503325486358848214e+07 6.305746601295928455e-01 -6.499579928120323302e+01
2.392565923974969699e+00 -7.506918578087803384e-01 -4.135010125988520246e-01 8.258149549647384882e+07 5.565006121736872924e-01 -6.172343523388030206e+01
1.843632631161994162e+00 -6.445037114262119893e-01 -3.579614734205519011e-01 7.155631226162284613e+07 4.898962962056424009e-01 -5.717383579214369860e+01
1.343508688582319532e+00 -5.538765471320362677e-01 -3.096225966342777691e-01 6.196397591798248142e+07 4.311237113913912178e-01 -5.169843890098404415e+01
8.922636480647844204e-01 -4.777262814629055221e-01 -2.681873391956288155e-01 5.374278637501280010e+07 3.800954158708700348e-01 -4.556825351365637999e+01
4.893609500696914916e-01 -4.140146800412173866e-01 -2.329293558717217549e-01 4.675177667643984407e+07 3.361902768878174408e-01 -3.894334128675883022e+01
1.336295393265584386e-01 -3.617320369187372875e-01 -2.034785166239392595e-01 4.091428565429578722e+07 2.991329663655168947e-01 -3.203145203067804658e+01
-1.765855503015369976e-01 -3.207903207808410206e-01 -1.797843762215854402e-01 3.621149888994384557e+07 2.689619514795982269e-01 -2.509254839387842395e+01
-4.428663915832138365e-01 -2.898583989817545836e-01 -1.612568585148728972e-01 3.252647374567186832e+07 2.450875938568689849e-01 -1.833279701275373341e+01
-6.667629089062402370e-01 -2.668032841913094977e-01 -1.469568099966277186e-01 2.967884403920414299e+07 2.265066190172504434e-01 -1.191363593465215764e+01
-8.502466309007841172e-01 -2.504683195645504568e-01 -1.363260334216376546e-01 2.755684994349142909e+07 2.125965354940704266e-01 -6.008837238982078333e+00
-9.957225487792291663e-01 -2.401899346342324937e-01 -1.289984043905819111e-01 2.608328479672864825e+07 2.029149586231595859e-01 -7.774563973052088794e-01
-1.106618333243876373e+00 -2.346468053478048543e-01 -1.243304966156719149e-01 2.512926076584086940e+07 1.966668824179169661e-01 3.705729739584982863e+00
-1.186472808481825680e+00 -2.324123419772866628e-01 -1.216409550234036491e-01 2.456116498514692485e+07 1.930115159160455396e-01 7.405225879099505804e+00
-1.237911748517174004e+00 -2.326427581675536704e-01 -1.205061988742322787e-01 2.430055968304286897e+07 1.914427366436726730e-01 1.027405369068643637e+01
-1.263567142598208903e+00 -2.346179943044979510e-01 -1.205485924833347849e-01 2.427614004930938780e+07 1.914918687529901797e-01 1.228520575656630598e+01
-1.267223173187939533e+00 -2.372781997410797761e-01 -1.212119565607947674e-01 2.437243701664490625e+07 1.924027504672806144e-01 1.347147159941659389e+01
-1.252421032762589093e+00 -2.397702601113221033e-01 -1.220373610864967096e-01 2.449499409777178243e+07 1.935451165461949119e-01 1.388634145248396834e+01
-1.221752309180025753e+00 -2.417973802238007064e-01 -1.228355519148455061e-01 2.461137183156684041e+07 1.946686924172263411e-01 1.359231798598573704e+01
-1.177782583060626553e+00 -2.430175957387760433e-01 -1.234214243248668852e-01 2.468917114649562165e+07 1.955173932123079883e-01 1.267311215045316075e+01
-1.123509854181581114e+00 -2.428063820549971608e-01 -1.235118666361457451e-01 2.467234966826872900e+07 1.956788901960506699e-01 1.124581024956673048e+01
-1.061970697259296825e+00 -2.408241792077074617e-01 -1.229329599583094818e-01 2.452594927775614709e+07 1.948967335491687825e-01 9.417374850575209067e+00
-9.961476416925864052e-01 -2.371319722209325742e-01 -1.216628359572680673e-01 2.424550709088883176e+07 1.931350021044540288e-01 7.279337461177242119e+00
-9.279853938007466274e-01 -2.317115303864918929e-01 -1.196749454832101156e-01 2.382711333605043963e+07 1.903515558009103437e-01 4.948247338258396688e+00
-8.584660981457162832e-01 -2.244398004673001656e-01 -1.169283179856557831e-01 2.326511596702773124e+07 1.864822408716406976e-01 2.564140376128653198e+00
-7.888950015273517025e-01 -2.154318895542730594e-01 -1.134781501150649019e-01 2.257027619239135087e+07 1.815876379920782768e-01 2.341846401110354581e-01
-7.208006039381458230e-01 -2.049760072499712260e-01 -1.094492814944234976e-01 2.176515550429246947e+07 1.758190598269271931e-01 -1.962900593812510364e+00
-6.551446359431731814e-01 -1.932424369077427317e-01 -1.049322016084951459e-01 2.086633890465101227e+07 1.692832501462345485e-01 -3.948561905404194938e+00
-5.926088735787733430e-01 -1.803528897391427910e-01 -1.000013424204191509e-01 1.988848335619306192e+07 1.620780731853110335e-01 -5.649731414327128221e+00
-5.343601955883928722e-01 -1.665979289438167532e-01 -9.477954904767985078e-02 1.885892055981943756e+07 1.544214060417593293e-01 -7.016604021207819564e+00
-4.813322256241713837e-01 -1.523301685182449072e-01 -8.941273773944398429e-02 1.780891722573969141e+07 1.465636756594441703e-01 -8.016375111055859648e+00
-4.328417169071380743e-01 -1.378557408139078622e-01 -8.405702972284637142e-02 1.676436035629131086e+07 1.386834874716583454e-01 -8.631889174562916267e+00
-3.881018036716609165e-01 -1.234441559564830176e-01 -7.884735529847876345e-02 1.574676946979921684e+07 1.309313038487862624e-01 -8.855892193439888871e+00
-3.477062783430242554e-01 -1.093413448619244138e-01 -7.386304303126134396e-02 1.477365784203703329e+07 1.234729232277368971e-01 -8.691053549839761416e+00
-3.119871983859410225e-01 -9.578261051618329469e-02 -6.918498028020969581e-02 1.386266712838642672e+07 1.164691887894222233e-01 -8.162346198876946346e+00
-2.798672905541528255e-01 -8.300897108054049178e-02 -6.493700016701393907e-02 1.303515080132347345e+07 1.100692425403055064e-01 -7.336256406594164226e+00
-2.507229464246836792e-01 -7.117341166073284930e-02 -6.118328500803240505e-02 1.230203208881841972e+07 1.043608779283793919e-01 -6.268719739181861428e+00
-2.251620853137723532e-01 -6.029426503087953471e-02 -5.787925887637235256e-02 1.165665915130478516e+07 9.934194498000235851e-02 -4.985551670133874680e+00
-2.029798995191193223e-01 -5.047820642364281296e-02 -5.503485788660016087e-02 1.110102072658206150e+07 9.504450306831739581e-02 -3.536111485712946312e+00
-1.827000781010566788e-01 -4.196806168431949785e-02 -5.274968874143293185e-02 1.065139938031466305e+07 9.156092257638372145e-02 -2.006782335050895316e+00
-1.637107102380171708e-01 -3.485142629248041968e-02 -5.103980294006293245e-02 1.031063205137276277e+07 8.890764424606718841e-02 -4.659159651585267903e-01
-1.463611396902343431e-01 -2.904197128254915397e-02 -4.982597429954131740e-02 1.006591589847483486e+07 8.701393166976481575e-02 1.040118920511249989e+00
-1.302037767735713669e-01 -2.446666839404481458e-02 -4.904348632177167600e-02 9.903778392491063103e+06 8.578949729888114828e-02 2.455182761983248696e+00
-1.142432176401239341e-01 -2.107245614791090210e-02 -4.864487432102182485e-02 9.811618739542821422e+06 8.513618299455971705e-02 3.717374149788303495e+00
-9.855863532103585622e-02 -1.877167611948593606e-02 -4.856587944048013084e-02 9.777062094068774953e+06 8.495551898923392464e-02 4.786924655224986225e+00
-8.379979641968772486e-02 -1.745207348489700647e-02 -4.873223872892935848e-02 9.787939656856494024e+06 8.515209476554841395e-02 5.638981974411004572e+00
-6.997994820642534919e-02 -1.698558724186861185e-02 -4.907112389726141916e-02 9.831588570247912779e+06 8.563678422004572521e-02 6.248640519894301804e+00
-5.675621860126406348e-02 -1.723857826084070760e-02 -4.951083110918970409e-02 9.894646783985018730e+06 8.631163476888450981e-02 6.595999294129687662e+00
-4.369251246526231758e-02 -1.807361517174004006e-02 -4.997415828903303825e-02 9.961020030604820698e+06 8.702689607831871899e-02 6.678966245764137000e+00
-3.056846984107445403e-02 -1.936444904117584978e-02 -5.039171253966692049e-02 1.001654643336560577e+07 8.764466924581908180e-02 6.502113993825374472e+00
-1.784094529336672022e-02 -2.101124657421162001e-02 -5.071714108470717908e-02 1.005446562270917371e+07 8.810780743952455196e-02 6.069206751464887084e+00
-5.963089998379106360e-03 -2.290330495391466187e-02 -5.091056957208549977e-02 1.006890335106244311e+07 8.836958459224268647e-02 5.396864889749370064e+00
5.046207132667361074e-03 -2.488326860919822664e-02 -5.092831119831021935e-02 1.005057878337431140e+07 8.834878511910287946e-02 4.530629503602455088e+00
1.509316590893393199e-02 -2.680210620720115816e-02 -5.072591552262585568e-02 9.990212777227388695e+06 8.796921451334444031e-02 3.511980533250940617e+00
2.378833184342981494e-02 -2.854070064420470565e-02 -5.025881773628328164e-02 9.879836565236289054e+06 8.717581731007116586e-02 2.365665975643382435e+00
3.094523802707391594e-02 -3.002226472233096230e-02 -4.950634550516745669e-02 9.716452399541322142e+06 8.594163729275312857e-02 1.124253875723731921e+00
3.671499948500334121e-02 -3.121764873241840085e-02 -4.847981418031859641e-02 9.503331976121226326e+06 8.427228609670345261e-02 -1.648484586032877286e-01
4.128128397851320297e-02 -3.210705600169345975e-02 -4.720329484957536126e-02 9.245285120740531012e+06 8.219101891272859173e-02 -1.455540121155028732e+00
4.475780854766366057e-02 -3.267072474517895148e-02 -4.570702879353782250e-02 8.947432953817894682e+06 7.973339141047375289e-02 -2.705717018103980909e+00
4.674689908874782307e-02 -3.286439265861124809e-02 -4.399833721928036318e-02 8.611271900306407362e+06 7.692287150855914302e-02 -3.879937755063229243e+00
4.659979570249509623e-02 -3.263678554570139528e-02 -4.207288740105952912e-02 8.236623873678536154e+06 7.377850429097061735e-02 -4.948411725311729015e+00
4.471329670063756145e-02 -3.202105455605046280e-02 -3.997676848589226672e-02 7.832057413060235791e+06 7.036331262763385885e-02 -5.883582004049747738e+00
4.195712743999327476e-02 -3.109610165209296395e-02 -3.778123598760549373e-02 7.410476422304549254e+06 6.676346009855141372e-02 -6.661006135494753622e+00
3.818804971090339340e-02 -2.989991855073066002e-02 -3.552249354030265205e-02 6.978677788537913933e+06 6.304341406120338165e-02 -7.263909096917438468e+00
3.296184405627159558e-02 -2.845657539944475289e-02 -3.322346856194496878e-02 6.541226317412484437e+06 5.925868105450309703e-02 -7.682098260812330714e+00
2.666261154852005155e-02 -2.682245923289446055e-02 -3.092875261783300730e-02 6.106792864209871739e+06 5.547908178982674521e-02 -7.914617927778714090e+00
1.979835206671607187e-02 -2.505257544303510220e-02 -2.868335577517245119e-02 5.683584761519961059e+06 5.177108890052108808e-02 -7.964764457434492684e+00
1.229940983693303749e-02 -2.316396546004249185e-02 -2.651086948088915776e-02 5.274221576386466622e+06 4.817897452508806272e-02 -7.837696384132015304e+00
4.188001939368574469e-03 -2.118697764619290047e-02 -2.443293633928677114e-02 4.881685424961725250e+06 4.474317284327099242e-02 -7.542903616272913503e+00
-3.916116804321551070e-03 -1.920871815769061366e-02 -2.248286575172544002e-02 4.513733931292187423e+06 4.151291777932939603e-02 -7.098606646529090014e+00
-1.155421759914515047e-02 -1.731696182294444400e-02 -2.069505830200548541e-02 4.177369471924959682e+06 3.853520589088342552e-02 -6.527040533053337867e+00
-1.877698407085755250e-02 -1.557742374091454496e-02 -1.910069096081887241e-02 3.876368241738113109e+06 3.585000210889801447e-02 -5.854314918099014164e+00
-2.564195004249288784e-02 -1.401347813518772321e-02 -1.770666918640729712e-02 3.611280884670063388e+06 3.347771307620057979e-02 -5.106972819431536692e+00
-3.208137040997910416e-02 -1.260064595082244915e-02 -1.648994565282868585e-02 3.379337153902541846e+06 3.141473006711426041e-02 -4.311460491520887395e+00
-3.791556803415954691e-02 -1.134977668955548108e-02 -1.544647097678079721e-02 3.179891417495131958e+06 2.965674694788932725e-02 -3.492588809225320112e+00
-4.287050494848018006e-02 -1.031261977378111760e-02 -1.459400347424918108e-02 3.014659288423086982e+06 2.820069610838726176e-02 -2.673933763874347669e+00
-4.672119548915402987e-02 -9.511783562734396624e-03 -1.392754836794411061e-02 2.882136764947704040e+06 2.702927146998299404e-02 -1.882427789921904626e+00
-4.933941499422894034e-02 -8.938345097370795772e-03 -1.342139224695366312e-02 2.777994947251062375e+06 2.611341820585911036e-02 -1.145831301786929268e+00
-5.091489331548058189e-02 -8.556817435742544026e-03 -1.304878380950816492e-02 2.698037188819726929e+06 2.542407876083315962e-02 -4.791321209805242121e-01
-5.176448177462611433e-02 -8.326158350614452572e-03 -1.278651657093771848e-02 2.638583270455354359e+06 2.493341978309976392e-02 1.098354199747262616e-01
-5.184236693832463411e-02 -8.254274553439116396e-03 -1.262601912009022817e-02 2.597193330586240627e+06 2.461528299704281164e-02 6.064293720490588901e-01
-5.097221128461450895e-02 -8.360940952598485201e-03 -1.256091297039478236e-02 2.571666390056550968e+06 2.444156833557174086e-02 9.960076807632464169e-01
-4.919525736093098567e-02 -8.615980266727685591e-03 -1.256461886751426837e-02 2.558210468078440987e+06 2.437213713272331703e-02 1.276924856077516379e+00
-4.667202765916237533e-02 -8.970218635654959513e-03 -1.260547924584644666e-02 2.552404335666729137e+06 2.436570824790423861e-02 1.452104504413084252e+00
-4.365273922884896352e-02 -9.376610102963683219e-03 -1.265946155981921388e-02 2.549686334648653399e+06 2.438968206786019596e-02 1.522542157317547495e+00
-4.036499755950079954e-02 -9.800398264079638461e-03 -1.270942503468619825e-02 2.546518918809369672e+06 2.441716402385474272e-02 1.492246474328972727e+00
-3.693094658664566182e-02 -1.023038720777259131e-02 -1.274720242698224905e-02 2.541545296611594968e+06 2.442652458777629446e-02 1.373438754674125573e+00
-3.338760344524587670e-02 -1.064304437160600025e-02 -1.276077039973834600e-02 2.532528006725076586e+06 2.439183933445195074e-02 1.178628485007924498e+00
-2.967704636335937590e-02 -1.098484589861466014e-02 -1.272810828982150200e-02 2.514925204856315628e+06 2.427817251253106684e-02 9.178482253633072352e-01
-2.585630156466870930e-02 -1.123529501050646306e-02 -1.264065915415233700e-02 2.487696886458215304e+06 2.407413823784609191e-02 6.044589426913270502e-01
-2.215657673816140427e-02 -1.142221978399046191e-02 -1.250912872697669889e-02 2.454709899650517851e+06 2.380000855390815989e-02 2.569383996696917860e-01
-1.873818805203289126e-02 -1.152888476809476800e-02 -1.232771919567362054e-02 2.414945392925481312e+06 2.344782997075458425e-02 -1.085297511268020626e-01
-1.565940307660868350e-02 -1.149146809009667439e-02 -1.207360200707815676e-02 2.362274208887318149e+06 2.298006306043298350e-02 -4.787797145007668398e-01
-1.296223260822164727e-02 -1.131372390948802084e-02 -1.175459952455235393e-02 2.297890753835632931e+06 2.240551940998485730e-02 -8.396161738644304373e-01
-1.067456727268026144e-02 -1.105131986607631872e-02 -1.140152590930555362e-02 2.228654193003624212e+06 2.176885500249401209e-02 -1.176364595903129917e+00
-8.762108683906809012e-03 -1.070361994724288064e-02 -1.101861089927843804e-02 2.155604978044156451e+06 2.107948412355197323e-02 -1.478216108136035878e+00
-7.171506846844275494e-03 -1.023869416817498566e-02 -1.059508111033509101e-02 2.076346436687822221e+06 2.032652659556175717e-02 -1.736968587256013885e+00
-5.953480716543269741e-03 -9.665339280713577605e-03 -1.013811453690136380e-02 1.991799788576379651e+06 1.952237390432554759e-02 -1.944113170188432882e+00
-5.169688636764888622e-03 -9.012200205627301369e-03 -9.663713049710585465e-03 1.904618156224062666e+06 1.869078146755059205e-02 -2.092807929060822580e+00
-4.719609523469604079e-03 -8.300874019215254140e-03 -9.185110039976272095e-03 1.817238737157857278e+06 1.785170573711907654e-02 -2.182983988415009069e+00
-4.462619467597995181e-03 -7.547699399611581400e-03 -8.712091806087597645e-03 1.731473071865385398e+06 1.702062655915988210e-02 -2.216578920787465101e+00
-4.328880841260525879e-03 -6.763806949835332594e-03 -8.248628918342985894e-03 1.647745822248819750e+06 1.620584122506218971e-02 -2.193474550070824591e+00
-4.282971265374652808e-03 -5.962726837233864492e-03 -7.799685295600328715e-03 1.566650341261944035e+06 1.541713388431819112e-02 -2.114874428912526305e+00
-4.312873634957985550e-03 -5.167349408808411503e-03 -7.376628261503627437e-03 1.490141876712226076e+06 1.467286379674191156e-02 -1.986504162547994889e+00
-4.378520574235704454e-03 -4.398275291564007414e-03 -6.988660861302548218e-03 1.419791272068172460e+06 1.398759898314839989e-02 -1.815694992978585054e+00
-4.381763381139887337e-03 -3.668536425017137823e-03 -6.638651980987148905e-03 1.355947713564562611e+06 1.336591838743961952e-02 -1.610798728229481336e+00
-4.250327725710238355e-03 -2.989653411166954319e-03 -6.328358059744071742e-03 1.298783995310910977e+06 1.281068877320762356e-02 -1.380197331439514841e+00
-3.961097030743210290e-03 -2.373039342341052606e-03 -6.059595637861086952e-03 1.248536447269001044e+06 1.232492262892681198e-02 -1.132209317438412688e+00
-3.492326254514719220e-03 -1.828375938057606341e-03 -5.833283330735143137e-03 1.205296816227412783e+06 1.191011913328400042e-02 -8.758195981107214090e-01
-2.817538403164006593e-03 -1.363152730774715117e-03 -5.649172089862752703e-03 1.168963166819997597e+06 1.156581302771979639e-02 -6.206339036214323368e-01
-1.921950371225018567e-03 -9.811920278957673817e-04 -5.505112828773717562e-03 1.139151735971617745e+06 1.128843206315678811e-02 -3.750627280320540935e-01
-8.034401327327616226e-04 -6.830602840705794331e-04 -5.397406756874702227e-03 1.115247445126258302e+06 1.107187032217748016e-02 -1.463536984035044564e-01
5.238794178865470788e-04 -4.668998427086266793e-04 -5.321899305467279670e-03 1.096543991791170556e+06 1.090924568474412916e-02 5.874612428077193721e-02
2.036559419150265997e-03 -3.293019953229816372e-04 -5.274158170174155294e-03 1.082285111628164304e+06 1.079312895820406723e-02 2.342080184308264479e-01
3.714219385928378171e-03 -2.662102535687756915e-04 -5.249290738742225584e-03 1.071676266631321050e+06 1.071496763176161410e-02 3.759417340248771833e-01
5.529886987751156391e-03 -2.720338711837976030e-04 -5.241954444953653841e-03 1.063866172969975043e+06 1.066556907914550413e-02 4.811963257795723314e-01
7.423295531540034103e-03 -3.362438813549460150e-04 -5.245739725926275819e-03 1.057820106192308245e+06 1.063506129747475958e-02 5.483835644934085263e-01
9.332704991248361864e-03 -4.472634057854040748e-04 -5.254403070766633377e-03 1.052543118566010380e+06 1.061377239105999216e-02 5.769563760592657520e-01
1.122900334021357041e-02 -5.958494639917792093e-04 -5.263189828517964887e-03 1.047332693259693100e+06 1.059301458134195330e-02 5.680408642457148716e-01
1.308356436147395038e-02 -7.729925170040037510e-04 -5.267788072383476627e-03 1.041554781225265935e+06 1.056484841994793748e-02 5.238124285012402126e-01
1.484440210955677644e-02 -9.682530483026796468e-04 -5.263699867684316046e-03 1.034503767501506489e+06 1.052210053546628887e-02 4.476934750028780940e-01
1.645835459144609492e-02 -1.171636111646137852e-03 -5.247145457844866120e-03 1.025602598116283538e+06 1.045881189241520959e-02 3.437536922294363029e-01
1.787975095315883639e-02 -1.374294805348679318e-03 -5.215607716501259941e-03 1.014517334236466559e+06 1.037071977512850178e-02 2.167654286975509714e-01
1.907366599429889675e-02 -1.566639474437035761e-03 -5.166690393834716399e-03 1.000906900087826303e+06 1.025412466784580458e-02 7.196736789900257114e-02
2.001793676675529127e-02 -1.738010033826042564e-03 -5.097949341659820284e-03 9.843782257355174515e+05 1.010577467693930115e-02 -8.488591268666642597e-02
2.069573441854479293e-02 -1.882255846914283708e-03 -5.008742594811416322e-03 9.648517588300734060e+05 9.924443916453373066e-03 -2.480314285476915293e-01
2.109521248987995465e-02 -1.997949885837060988e-03 -4.900307413786486425e-03 9.425786908668503165e+05 9.711045693453093305e-03 -4.117945199455356753e-01
2.121610435068719061e-02 -2.081267591387757701e-03 -4.773328130085048929e-03 9.176871118036226835e+05 9.466839135464014468e-03 -5.708403524453948830e-01
2.106763018856334241e-02 -2.126831644189349901e-03 -4.628169591606945410e-03 8.902242769783854019e+05 9.193530783904153500e-03 -7.202287978813863845e-01
2.066008837405451659e-02 -2.135173367713327861e-03 -4.467330273603480409e-03 8.605936516467664624e+05 8.895193350869929488e-03 -8.556810320506977874e-01
2.000636194098894677e-02 -2.110351881579836802e-03 -4.294510538594984231e-03 8.293987943058575038e+05 8.577233621844621014e-03 -9.735185924353335629e-01
1.913162602877992516e-02 -2.054083751519628163e-03 -4.112356490768161524e-03 7.970569089501880808e+05 8.244151430864566157e-03 -1.070805384244816638e+00
1.806852579403391695e-02 -1.967430201240113596e-03 -3.923131947407350328e-03 7.639029639814294642e+05 7.900119236548980642e-03 -1.145290792173776939e+00
1.626458287377527401e-02 -1.793904677693417687e-03 -3.643335280576349630e-03 7.154033441909218673e+05 7.393450157987322205e-03 -1.207885689109767124e+00
1.365294103951994985e-02 -1.511552114411572438e-03 -3.281652283969973324e-03 6.531297563992587384e+05 6.739774902483989909e-03 -1.217013647222970230e+00
1.097012756716519294e-02 -1.196137165887284923e-03 -2.940791293901404407e-03 5.945452144455129746e+05 6.122985983946579655e-03 -1.146537576032209849e+00
8.459778050574030470e-03 -8.836140960727684613e-04 -2.636325670784985843e-03 5.418377979409105610e+05 5.568256697185570286e-03 -1.011234746725378608e+00
6.327076976078645047e-03 -6.045013046432311243e-04 -2.377720463180352413e-03 4.961952401473482605e+05 5.090920046512681374e-03 -8.311222773622841675e-01
4.726356803218302767e-03 -3.854468097158176253e-04 -2.171325305703190617e-03 4.583678738174096798e+05 4.700167706773431334e-03 -6.285331026371259178e-01
3.705798570187822903e-03 -2.374338937932333289e-04 -2.015264388681524150e-03 4.280588188602959272e+05 4.395080096612669247e-03 -4.263162133704773704e-01
3.286408385690507521e-03 -1.689538275081815864e-04 -1.905982062859827662e-03 4.046797282633382129e+05 4.168382172554033552e-03 -2.443156483675204549e-01
3.422876979410445150e-03 -1.732717710882345386e-04 -1.834761302218106734e-03 3.869237094598503318e+05 4.005393795137174306e-03 -9.825472073111844729e-02
4.003075177472036235e-03 -2.394494048096756120e-04 -1.791877213053684383e-03 3.734466135234952671e+05 3.889550555102100002e-03 2.308641063420610075e-03
4.846089994870845033e-03 -3.467863445301951411e-04 -1.764829612710284946e-03 3.625435849031952093e+05 3.802859005164895001e-03 5.409827293874375220e-02
5.844734895068658814e-03 -4.730598252612360963e-04 -1.742688349928658365e-03 3.526799276617317810e+05 3.725467217637268118e-03 5.900074169721808426e-02
6.800170655634197453e-03 -5.971699921561145772e-04 -1.716733427952034504e-03 3.426950660726329079e+05 3.644816702654132736e-03 2.422513243347013817e-02
7.604869290904182899e-03 -7.010920639813106488e-04 -1.681257511298803230e-03 3.319443051887546317e+05 3.550877697792753727e-03 -3.953314412715949744e-02
8.184331690602977133e-03 -7.710627303937460115e-04 -1.631921900945778638e-03 3.198584563346085488e+05 3.435896945558371534e-03 -1.196706023455715029e-01
8.464792872435554852e-03 -7.948800744782592593e-04 -1.566749791873314843e-03 3.061427911304219742e+05 3.297981037498831473e-03 -2.036509366861775083e-01
8.419023049691935767e-03 -7.707121561104405497e-04 -1.487656687304319105e-03 2.910703126954173204e+05 3.140111508840035762e-03 -2.795764682493654951e-01
8.103762713237566695e-03 -7.019912137308568058e-04 -1.397849969676567394e-03 2.750265989112884854e+05 2.966698856326731130e-03 -3.382743156883862290e-01
7.576939971338355652e-03 -5.969329005116831219e-04 -1.302045692766440506e-03 2.585913789420422399e+05 2.785049000252309403e-03 -3.736380720780388964e-01
6.918305831326845498e-03 -4.664085084305746843e-04 -1.204756158903941624e-03 2.422826066234729369e+05 2.603198420983388051e-03 -3.832443389996723626e-01
6.210308445943092670e-03 -3.240771503946752639e-04 -1.111578020234404648e-03 2.267733929480911174e+05 2.428822713869376992e-03 -3.677020669084338778e-01
5.555976188308211702e-03 -1.828620077876334652e-04 -1.026266922952742515e-03 2.123424139138266328e+05 2.267456573557819887e-03 -3.307349619243537542e-01
5.022674168364599581e-03 -5.623881820052436094e-05 -9.521849251051268514e-04 1.994836215550432680e+05 2.125000458082298808e-03 -2.783199291614267268e-01
4.659905064285947869e-03 4.599284214950099609e-05 -8.912598814885456079e-04 1.883607199964846368e+05 2.003951770198154729e-03 -2.173243216072902051e-01
4.500700875200697344e-03 1.190252860638818717e-04 -8.432097798003877114e-04 1.788540462497144472e+05 1.904026370945632570e-03 -1.551915062901383091e-01
4.529124371904531300e-03 1.611133592189121035e-04 -8.065582415342983924e-04 1.707218470006417192e+05 1.823130255592228435e-03 -9.860831665129549117e-02
4.741563793214006485e-03 1.712601685894047353e-04 -7.804008087650051578e-04 1.638849457453915966e+05 1.758454449183572072e-03 -5.287535199266998193e-02
5.077077657153608592e-03 1.545003978373676921e-04 -7.609843093801137897e-04 1.579653990830082621e+05 1.705847988990423329e-03 -2.163337695677222672e-02
5.497711766751016589e-03 1.156866463641030861e-04 -7.470058624067919427e-04 1.528305071480353945e+05 1.661713831402201417e-03 -6.753018053297883856e-03
5.924636787666527973e-03 6.607698853396887023e-05 -7.333122244829985573e-04 1.477915107126013609e+05 1.618676500840581780e-03 -7.648582110585343957e-03
6.436858453962677508e-03 -1.174160272954579458e-05 -7.091335497015110101e-04 1.402327084799901349e+05 1.551302146595584476e-03 -3.407069811359485223e-02
6.728023683760734307e-03 -9.282663166967879814e-05 -6.655944752633318742e-04 1.297164642942020728e+05 1.447027377187737459e-03 -9.237434587945028697e-02
6.438593147358972514e-03 -1.187248883753559686e-04 -6.038454627938074975e-04 1.179096532987355167e+05 1.318139719829475396e-03 -1.512199242176776037e-01
5.656520761574385103e-03 -8.782069820623816933e-05 -5.300872461801446785e-04 1.055343704701795068e+05 1.174789156369525703e-03 -1.858888547086074150e-01
4.645442232906504473e-03 -2.226018035917799162e-05 -4.552708752680718028e-04 9.356197841545296251e+04 1.032079755220905760e-03 -1.856278287870917476e-01
3.684678049583248790e-03 4.824070564333289481e-05 -3.894102170421911589e-04 8.280098814749585290e+04 9.053374614394486992e-04 -1.549969810561027117e-01
3.000314328779725252e-03 9.534713338358687042e-05 -3.386384311297732587e-04 7.375617253133947088e+04 8.029310144689853638e-04 -1.089470861693959958e-01
2.674626313926353055e-03 1.059992370343425792e-04 -3.043404123469650615e-04 6.650141653966954618e+04 7.263406284767729175e-04 -6.510842969578144179e-02
2.649881683150634350e-03 8.545283807322341663e-05 -2.820345092348709227e-04 6.063842729437111120e+04 6.693787500082677179e-04 -3.650755901569684159e-02
2.769044212474271269e-03 4.798877064398387099e-05 -2.658955544898823284e-04 5.570830161678965669e+04 6.235248363283770780e-04 -2.747990825477022309e-02
2.877151115783238566e-03 1.349478926355160953e-05 -2.502982920862137578e-04 5.128647763757460052e+04 5.807236728203995493e-04 -3.432314969139584060e-02
2.854294933265437428e-03 -4.171890980931298033e-06 -2.318208261877026291e-04 4.704895560147131619e+04 5.363573729186506050e-04 -4.834010354152294686e-02
2.680174141862484011e-03 6.722641644825806400e-08 -2.101994043348392896e-04 4.294366339203990356e+04 4.895144117711020546e-04 -6.032993324746802749e-02
2.395026620755638051e-03 2.062556190692634660e-05 -1.875369478534598660e-04 3.908186947646550834e+04 4.430256354098643674e-04 -6.420174190211069831e-02
2.089531783418350098e-03 4.751019616799427413e-05 -1.660705364557675447e-04 3.549422664090559556e+04 3.994491452598827527e-04 -5.868310975163975457e-02
-2.747937881800507562e-02 1.656621852392647920e-02 -2.378392945677786086e-02 4.807806862002372742e+06 3.589816505289638270e-03 4.527433710221355212e-01
-5.070494712127188164e-02 2.978273823768577688e-02 -1.069989172291313864e-02 3.482817655410600360e+06 2.644099074991052879e-03 -6.584654639313485269e-01
-7.836587924351021139e-02 3.496581949723384652e-02 -9.241854738873562028e-03 2.385479536529683974e+06 2.166803784438425806e-03 -1.054457257492737998e+00
-8.672821553262316518e-02 3.928067201927384205e-02 -5.866819853881024595e-03 1.363189256419691257e+06 1.004409559835342958e-03 -1.741214780578189014e+00
-9.377879976430714137e-02 4.568347094092140709e-02 7.370989794076989810e-05 3.179815601862915792e+05 -9.011958994643268391e-04 -2.483099727349750374e+00
-1.139327033837547604e-01 5.009632976214969946e-02 4.147727395183304841e-03 -5.985620068345565815e+05 -2.771572426840960505e-03 -2.854991689970122870e+00
-1.294266073345235468e-01 5.327344280344747940e-02 7.847254208914383744e-03 -1.457762145309364423e+06 -5.035392267217087513e-03 -3.218134335340123720e+00
-1.372054051214692261e-01 5.658664398697185044e-02 1.185735475588848772e-02 -2.284482066447140649e+06 -7.472451327503699253e-03 -3.618398117762286148e+00
-1.474048876106125727e-01 5.900313593475807472e-02 1.532916282846301381e-02 -2.995172832816177048e+06 -9.673178978588698948e-03 -3.872814478254978710e+00
-1.608074815217893361e-01 6.054279024660792069e-02 1.847678856448507073e-02 -3.636244764258035924e+06 -1.197507503870026344e-02 -4.006996871109167024e+00
-1.721643516803259832e-01 6.150928473954771908e-02 2.132740847894149319e-02 -4.215779136231835000e+06 -1.426352470007657969e-02 -4.102606813401593833e+00
-1.794685218355348832e-01 6.194089173248785996e-02 2.373727611186374556e-02 -4.711179380765517242e+06 -1.628496976764526663e-02 -4.173161466132304653e+00
-1.876039198690901411e-01 6.159385668950662085e-02 2.576288521657216918e-02 -5.123514600854024291e+06 -1.815164572759741038e-02 -4.139694970373217764e+00
-1.965587135762954518e-01 6.055221122487530055e-02 2.743219264418313152e-02 -5.459972641096548177e+06 -1.987051752254789111e-02 -4.010209461664036468e+00
-2.061997516996153523e-01 5.822212142354347975e-02 2.914723706879943435e-02 -5.810553343147003092e+06 -2.189608521791535159e-02 -3.743830386782135644e+00
-2.146916790379087003e-01 5.396356542561543679e-02 3.035644085023170985e-02 -6.062291296989862807e+06 -2.375502079254804971e-02 -3.280394887711215457e+00
-2.207234868901654101e-01 4.821054886160483499e-02 3.051609506874324723e-02 -6.097649888896897435e+06 -2.476427988142383338e-02 -2.664214146534150895e+00
-2.243546456634642472e-01 4.125553971164080957e-02 2.971689360010137948e-02 -5.937113453836404718e+06 -2.490745620296861904e-02 -1.931044416441047851e+00
-2.252249620140043262e-01 3.341220584059390042e-02 2.806536987199885480e-02 -5.605294659581033513e+06 -2.420917923992952497e-02 -1.122525394465464954e+00
-2.231763199320779545e-01 2.494423910716725423e-02 2.569681201848997981e-02 -5.129552414222234860e+06 -2.274391645141217097e-02 -2.764912216080416263e-01
-2.182198928754490175e-01 1.608707479379331909e-02 2.274121446140352568e-02 -4.536054100025665946e+06 -2.059545961393115243e-02 5.737355907299628299e-01
-2.104848013793577388e-01 7.089156836898216629e-03 1.932297105495460118e-02 -3.850759674708446022e+06 -1.784616106187954937e-02 1.393941122883234129e+00
-2.001288557650049427e-01 -1.813549453338079986e-03 1.557225568712663176e-02 -3.100239308866194915e+06 -1.460482991783287887e-02 2.154594772687037807e+00
-1.873050308687294052e-01 -1.037853265969356301e-02 1.163689013664822441e-02 -2.313800457532117609e+06 -1.101799539205306280e-02 2.828370028998941077e+00
-1.722194832640446538e-01 -1.840858927135782808e-02 7.645870149666647922e-03 -1.517198452426356263e+06 -7.219679201602680410e-03 3.393785256339922451e+00
-1.551300577802698644e-01 -2.574146809063315722e-02 3.712036880852458403e-03 -7.332659593621201348e+05 -3.330922576275412855e-03 3.833597000429137758e+00
-1.363245540494465446e-01 -3.223985306314734733e-02 -6.132076348618051612e-05 1.736166722904028939e+04 5.278213525373210997e-04 4.136570369531277436e+00
-1.161083509868842678e-01 -3.778596624564456441e-02 -3.578865688933128078e-03 7.158917689332688460e+05 4.237259807142963741e-03 4.296296985961426174e+00
-9.480367837104838880e-02 -4.229871674149327659e-02 -6.762872852575305127e-03 1.347046886547115166e+06 7.693400308326131531e-03 4.312277820813458007e+00
-7.274117337224825230e-02 -4.572809796354909001e-02 -9.551866203122830190e-03 1.898797118762498023e+06 1.080835932304198554e-02 4.188362746966069139e+00
-5.030580450867006698e-02 -4.805459043421542870e-02 -1.189942331798672821e-02 2.362282577072050888e+06 1.350990721105348354e-02 3.932740472678910137e+00
-2.787351354556596647e-02 -4.928442498117471121e-02 -1.377408626155384244e-02 2.731660887453791685e+06 1.574197656468370038e-02 3.557256051604824165e+00
-5.746777054994824455e-03 -4.945721313469532421e-02 -1.516312632391210620e-02 3.004681371410606429e+06 1.746500090603446409e-02 3.081566223447641306e+00
1.579169656252167944e-02 -4.863144395299667799e-02 -1.606727401992016219e-02 3.181609381594016682e+06 1.865658610578172297e-02 2.526348253987112269e+00
3.635041537575407766e-02 -4.688242404023691690e-02 -1.649981917672097703e-02 3.264914126772942487e+06 1.931662147789473677e-02 1.908292434877849830e+00
5.559928663191223558e-02 -4.430448269647560555e-02 -1.648717684114375803e-02 3.259721589004956186e+06 1.946119489883694348e-02 1.246141977335521345e+00
7.338653179481902100e-02 -4.103306883143453820e-02 -1.607787202602752041e-02 3.175906369277481455e+06 1.912532567521221805e-02 5.699992359555072774e-01
8.951590430499221929e-02 -3.718973558205769525e-02 -1.531578741986799018e-02 3.022585640166580677e+06 1.834504529400223308e-02 -9.303196783958975202e-02
1.035855186196504019e-01 -3.286017402832437651e-02 -1.422818661295148501e-02 2.805729578154795803e+06 1.715087674578107471e-02 -7.243887218810058926e-01
1.154205451050710485e-01 -2.816505810094421108e-02 -1.286474064286698485e-02 2.535332764595104847e+06 1.559893147906584419e-02 -1.307001511803481897e+00
1.252206584000981615e-01 -2.329392709695729188e-02 -1.131538866959896569e-02 2.228733138264789712e+06 1.378684957083696830e-02 -1.821952395730320085e+00
1.330304694348126981e-01 -1.839149129096718377e-02 -9.649894711187816110e-03 1.899485098457421875e+06 1.179312338815535245e-02 -2.254554525167182799e+00
1.386488528547678012e-01 -1.354235602337831509e-02 -7.909278752210955471e-03 1.555812361951054074e+06 9.668979332229751811e-03 -2.594977032048582988e+00
1.420307295097531508e-01 -8.841845389311301165e-03 -6.141886742491021837e-03 1.207340495057963999e+06 7.477129440194887379e-03 -2.836271620998839005e+00
1.433040287169643490e-01 -4.400873630052681493e-03 -4.405599790148439360e-03 8.654890300023099408e+05 5.293370150827790728e-03 -2.974008227481266253e+00
1.426051798637596180e-01 -3.113214910488853473e-04 -2.749997014651786413e-03 5.399816823062450858e+05 3.183842664744861682e-03 -3.008553771651232722e+00
1.400676860603735918e-01 3.354432133750196755e-03 -1.215795756160108036e-03 2.387617422911311151e+05 1.204277030848689613e-03 -2.944130653698408651e+00
1.358564666898149920e-01 6.541823639724631337e-03 1.642056131790444091e-04 -3.177024576739636541e+04 -5.976512868181359066e-04 -2.788217868630686436e+00
1.301558206392642025e-01 9.211362550858175763e-03 1.364141789862602329e-03 -2.665832308462771471e+05 -2.182224138089455204e-03 -2.550524769209663312e+00
1.231733138781710840e-01 1.133950441939867923e-02 2.365328745792984536e-03 -4.621417101344926632e+05 -3.519311357313268177e-03 -2.243942038957342788e+00
1.151259688420702004e-01 1.291677212879127103e-02 3.156265286496142460e-03 -6.163315471836265642e+05 -4.588485969522180206e-03 -1.882756289640621805e+00
1.062530374290194674e-01 1.395342359146046346e-02 3.736427856866362217e-03 -7.291110540372865507e+05 -5.383586553633518471e-03 -1.482814322593223544e+00
9.678690151541621822e-02 1.447113979524031376e-02 4.111172994406128364e-03 -8.015996441827673698e+05 -5.906696724484208211e-03 -1.060171794134606271e+00
8.694485801071420716e-02 1.450311820407587486e-02 4.290510159440391429e-03 -8.359393686723811552e+05 -6.166979774468130636e-03 -6.317035532720082225e-01
7.693972121520215035e-02 1.409022693169612907e-02 4.288788779920438970e-03 -8.350916057092068950e+05 -6.180177646421617862e-03 -2.132898725238800419e-01
6.700111282087442555e-02 1.328457085360682487e-02 4.127282630800476436e-03 -8.032566292775886832e+05 -5.972073789724203184e-03 1.803782186093768891e-01
5.732764059446363025e-02 1.214390334332567795e-02 3.830283041603087593e-03 -7.452214625550068449e+05 -5.573417821476157712e-03 5.361778367353789987e-01
4.807313622393387387e-02 1.073339009217093125e-02 3.425422146658984451e-03 -6.664641336328390753e+05 -5.020546127135417508e-03 8.423963721842687713e-01
3.937975254705729233e-02 9.118098601242468834e-03 2.940458153336157534e-03 -5.724452202928777551e+05 -4.350693115832906729e-03 1.089974705563689472e+00
3.138643320508668205e-02 7.362872985990368685e-03 2.403228632352319687e-03 -4.685807582655707374e+05 -3.601908701329439855e-03 1.272729613351970102e+00
2.419279439328133469e-02 5.531605754237029805e-03 1.841144075908027981e-03 -3.601974237037744606e+05 -2.812384016869727207e-03 1.386894217605030288e+00
1.785977540625522872e-02 3.686884335570040153e-03 1.280993215998234942e-03 -2.524983929804664513e+05 -2.020148651637350239e-03 1.430985126174963984e+00
1.243604649832123245e-02 1.884638877149205161e-03 7.465093214960503943e-04 -1.500527071386795724e+05 -1.259686992996796430e-03 1.406564587956095291e+00
7.955473015117082297e-03 1.743059021241683687e-04 2.583543517343880077e-04 -5.679981274964625482e+04 -5.616492695393363824e-04 1.317695787431564014e+00
4.401843860480571247e-03 -1.400020152553174387e-03 -1.660108695719856708e-04 2.395768743835730857e+04 4.800019592450903969e-05 1.170628018222916511e+00
1.731112506387132675e-03 -2.800346495548206201e-03 -5.123079438693622662e-04 8.953938550946734904e+04 5.478054883926103749e-04 9.731254181548574245e-01
-9.028597436677856603e-05 -3.998736029041128140e-03 -7.708400234381082919e-04 1.381466664281026169e+05 9.221013803799595586e-04 7.349604093958068685e-01
-1.102660593254811477e-03 -4.974988278986049173e-03 -9.356299411040178452e-04 1.687024712441798474e+05 1.160462975490870931e-03 4.668340857806285160e-01
-1.394308305201046646e-03 -5.716627042586742459e-03 -1.005325350214635342e-03 1.810489401827378606e+05 1.259943323746209876e-03 1.804268333664648671e-01
-1.063946132161969161e-03 -6.218591419089538122e-03 -9.817458991411044666e-04 1.756328633903058362e+05 1.222269581835510330e-03 -1.126222171677490058e-01
-1.950477644315708908e-04 -6.487199247118568581e-03 -8.705652440960672629e-04 1.536043387752597046e+05 1.054051337406826730e-03 -4.007864482615249302e-01
1.126005483437954617e-03 -6.531869258479214638e-03 -6.793809449901198373e-04 1.164644043654455163e+05 7.652777208517791722e-04 -6.733473797160933749e-01
2.791706849744119822e-03 -6.361906039531575567e-03 -4.178831531730060954e-04 6.610423755030641041e+04 3.705943560943086856e-04 -9.205117361615333671e-01
4.699790437479977288e-03 -5.996557536160036957e-03 -9.877704576496575746e-05 5.001047281578246839e+03 -1.112595867391574360e-04 -1.133341575917941491e+00
6.761256306288796619e-03 -5.471905128000512097e-03 2.606620811146258048e-04 -6.347435999790249480e+04 -6.559510931512983018e-04 -1.303671760719470107e+00
8.896628453676475035e-03 -4.819920368900063382e-03 6.444170623407551642e-04 -1.362302806073084357e+05 -1.240044130925911864e-03 -1.426023606255035103e+00
1.103441683761680232e-02 -4.064293249538696202e-03 1.038806910357950889e-03 -2.106781166008358705e+05 -1.842088438644655076e-03 -1.498122048467059431e+00
1.311057613523517948e-02 -3.232768279171069521e-03 1.430003661644271926e-03 -2.842384677019884693e+05 -2.440913328222643792e-03 -1.518607823232829723e+00
1.506872358688310376e-02 -2.358408383923932782e-03 1.803695474140493702e-03 -3.542644740391626256e+05 -3.015291626074109027e-03 -1.486841477541887890e+00
1.686680001996764336e-02 -1.473658770338714128e-03 2.146127081681174255e-03 -4.181692091191242798e+05 -3.544410452591796948e-03 -1.404493065684071507e+00
1.847301918733370435e-02 -6.085873215749331919e-04 2.444869046464819094e-03 -4.735754572205436998e+05 -4.008740577776375574e-03 -1.275333557700901954e+00
1.984971137285855558e-02 2.146284160870619870e-04 2.692320497097834900e-03 -5.189999868721561506e+05 -4.393880601414222424e-03 -1.105322890820369164e+00
2.096604737757060827e-02 9.783494844277449819e-04 2.883558104232132515e-03 -5.535214388373283437e+05 -4.689339987970407575e-03 -9.016551575771343252e-01
2.184221211503630661e-02 1.661401148855072866e-03 3.011461685448264120e-03 -5.761243296148636146e+05 -4.886972090727277965e-03 -6.717815099591308847e-01
2.250849422498900354e-02 2.244355635981480981e-03 3.070328722563171828e-03 -5.860492884297139244e+05 -4.981440139870659499e-03 -4.233862013349830589e-01
2.294048332639138724e-02 2.719399042491890163e-03 3.063407174647759124e-03 -5.836226449480316369e+05 -4.973130199846864836e-03 -1.652900521157071867e-01
2.312078016910890793e-02 3.083277845176581652e-03 2.995774768104452097e-03 -5.695285042617433937e+05 -4.865090303034526158e-03 9.363832432572748166e-02
2.311153473479267417e-02 3.332238254927079400e-03 2.868006233179285110e-03 -5.442883025136846118e+05 -4.661675502306698513e-03 3.450247811480426363e-01
2.297382770971112195e-02 3.465125513574184805e-03 2.682745540243387621e-03 -5.087310833115518326e+05 -4.370140324500606729e-03 5.810872067070207425e-01
2.271619569273148134e-02 3.486767948454789091e-03 2.450268062400958336e-03 -4.645061946733008372e+05 -4.003509083684120978e-03 7.945767173842857023e-01
2.235358347868800916e-02 3.405895989866312978e-03 2.180986897825675994e-03 -4.134219254254880943e+05 -3.576037883046369326e-03 9.790649126838933958e-01
2.193267866292748086e-02 3.235620050974579408e-03 1.882837949263185253e-03 -3.572786459266031161e+05 -3.102193721424202112e-03 1.129129766447359406e+00
2.148372712504012516e-02 2.989034898114823185e-03 1.564520371663094631e-03 -2.978284615816331352e+05 -2.596549733196508360e-03 1.240989095099168438e+00
2.100836399474879587e-02 2.678531303280823686e-03 1.236449185772544625e-03 -2.367946778868439142e+05 -2.074038792844284419e-03 1.312768393622501861e+00
2.051065514408980869e-02 2.318504882391496554e-03 9.084162901297514929e-04 -1.759096616637847037e+05 -1.549672812386905995e-03 1.343584230873398067e+00
2.000298136266281598e-02 1.925516917739935208e-03 5.893152355743634880e-04 -1.169078891401689471e+05 -1.038439473336497977e-03 1.333482522265442727e+00
1.951313311501621031e-02 1.515516161140717695e-03 2.875547614836026600e-04 -6.134746981367164699e+04 -5.542067110977847268e-04 1.284223162129163098e+00
1.907465264133698796e-02 1.103507078613418391e-03 1.092922504256338734e-05 -1.059252875242884511e+04 -1.094689381966698513e-04 1.198993858519752376e+00
1.868154521145945490e-02 7.034037924531047785e-04 -2.343693259558413979e-04 3.426152806858975964e+04 2.857804485720745230e-04 1.081801061797320829e+00
1.830758719052994615e-02 3.279211220973703611e-04 -4.434860292944092265e-04 7.234959983872750308e+04 6.235907363551133160e-04 9.372713146953648433e-01
1.795285743445853427e-02 -1.194558311345826565e-05 -6.127983783750035399e-04 1.030604825953165418e+05 8.977863112311777923e-04 7.711155221318534148e-01
1.762735200555860804e-02 -3.069205256128027621e-04 -7.398331269939035278e-04 1.260024153433057363e+05 1.104019006173013627e-03 5.895202485748507470e-01
1.732642510063022931e-02 -5.502547884521408368e-04 -8.239561120709302643e-04 1.411028542220042727e+05 1.241177874576303514e-03 3.988634218801519471e-01
1.704077545079640127e-02 -7.371744288769264313e-04 -8.657326838375732896e-04 1.485026315499091870e+05 1.310110696452547073e-03 2.054302149981082903e-01
1.676446096023358201e-02 -8.653726699174336956e-04 -8.670835468646762023e-04 1.485956849373878795e+05 1.313603801784786126e-03 1.541687812619146544e-02
1.648840154938666785e-02 -9.343619319346235276e-04 -8.308799635836569553e-04 1.419449140952086891e+05 1.255972116772345430e-03 -1.653759734779927382e-01
1.619420192237887302e-02 -9.459583318176198203e-04 -7.612812049868491549e-04 1.293360159927949426e+05 1.143760449416696525e-03 -3.317047403641273373e-01
1.587353175547092515e-02 -9.036232643825448194e-04 -6.629826611476482418e-04 1.116476308765411959e+05 9.845336727348321434e-04 -4.789930450400244344e-01
1.553822754785354199e-02 -8.128087282713947290e-04 -5.412113107114927685e-04 8.985183852379844757e+04 7.869075484683006085e-04 -6.034747366006233404e-01
1.518918888475292994e-02 -6.799503152385955561e-04 -4.015416411840951809e-04 6.496519966308011499e+04 5.599243013334902251e-04 -7.022988005471204609e-01
1.480874731980308910e-02 -5.124519254267155413e-04 -2.499535391848320604e-04 3.805380426244801492e+04 3.130672103409735236e-04 -7.736559618910880953e-01
1.439231771694526180e-02 -3.184076044026223950e-04 -9.226279201845191322e-05 1.015276281965664748e+04 5.572510928645771746e-05 -8.166666454896970295e-01
1.395109774733517202e-02 -1.064861359036163601e-04 6.597844283504011940e-05 -1.774876331686002595e+04 -2.029267692585929976e-04 -8.313747022236367412e-01
1.349057891194187231e-02 1.149910061315054434e-04 2.197297138309594808e-04 -4.475716624364985910e+04 -4.545189382396182688e-04 -8.188115432222700107e-01
1.301083872452350222e-02 3.379725428221891847e-04 3.644100411116715918e-04 -7.006715441520008608e+04 -6.914422494638893359e-04 -7.808467166821549954e-01
1.251635749777910145e-02 5.536692807952774522e-04 4.956608955586817725e-04 -9.293182661732334236e+04 -9.065551796549405246e-04 -7.200770565103690179e-01
1.201453410902080833e-02 7.534616117123826536e-04 6.096197074111851235e-04 -1.127017690813996451e+05 -1.093565905009935384e-03 -6.396232824461840494e-01
1.151205209194498813e-02 9.315125454586712945e-04 7.040317206039521962e-04 -1.290021547401917633e+05 -1.248669102445147411e-03 -5.432211067682221062e-01
1.101517537110538805e-02 1.083495191527291063e-03 7.775809222976408667e-04 -1.416203057569773518e+05 -1.369541766346095901e-03 -4.348938451587177623e-01
1.053066926031228853e-02 1.205075145589830452e-03 8.293056020407510356e-04 -1.504129187211347453e+05 -1.454513356377404960e-03 -3.188426920454992541e-01
1.006476133755989516e-02 1.292613529371335578e-03 8.587442215675934179e-04 -1.553268970745031838e+05 -1.502781754393888629e-03 -1.992757485318008559e-01
9.621866388602380929e-03 1.344346663656602065e-03 8.664679438431845951e-04 -1.564902069775829441e+05 -1.515287698849265710e-03 -8.043919901486271118e-02
9.205796324563489397e-03 1.359782757394711536e-03 8.537148690145227687e-04 -1.541425942747508816e+05 -1.494047946723737249e-03 3.368866556026528514e-02
8.820397740901372158e-03 1.339926093016144664e-03 8.225293327693250197e-04 -1.486545774235843855e+05 -1.442329487183982833e-03 1.396037812982395820e-01
8.467760968147889505e-03 1.286576138969858837e-03 7.752490380639555151e-04 -1.404435762117510894e+05 -1.363929514692139005e-03 2.342375162786989318e-01
8.146985956093005798e-03 1.202363464386365646e-03 7.144525575672558979e-04 -1.299658530589647271e+05 -1.263153000911991768e-03 3.150187589927345710e-01
7.856953482110155471e-03 1.090849705198420998e-03 6.430223235874970049e-04 -1.177261816728846607e+05 -1.144781935660295000e-03 3.799513188739270242e-01
7.596875984062118579e-03 9.567115550235661238e-04 5.642240677427394751e-04 -1.042904966805978183e+05 -1.014174128464828684e-03 4.277075778272963480e-01
7.364492840927515382e-03 8.049100596252882576e-04 4.812580629039445645e-04 -9.020718522442418907e+04 -8.766263293461770993e-04 4.575884133402951526e-01
7.155740919012641872e-03 6.405818874843280906e-04 3.971887641169970858e-04 -7.599469319812538743e+04 -7.372610580559732377e-04 4.695263004731666800e-01
6.964829603680789891e-03 4.690747320240115995e-04 3.148853095017251839e-04 -6.213207778901199345e+04 -6.008020604866351217e-04 4.640913516684674334e-01
6.785096167633486094e-03 2.958255477838035003e-04 2.370015022169113714e-04 -4.905753187388640799e+04 -4.715691465667569654e-04 4.424007487510069891e-01
6.612472951591160351e-03 1.259553668309008293e-04 1.658433650495975834e-04 -3.715186046875554894e+04 -3.534384874749421125e-04 4.060682151475623058e-01
6.444185992088910866e-03 -3.577306368712932568e-05 1.033813597011745721e-04 -2.673843783016254747e+04 -2.497901699214977764e-04 3.570669643763488832e-01
6.274993376482619796e-03 -1.850675098055252913e-04 5.111142470670949721e-05 -1.805063394939889622e+04 -1.630737683977067525e-04 2.977612529225993065e-01
6.099063185776439425e-03 -3.181492620825908651e-04 1.013236106150101730e-05 -1.125139909550834818e+04 -9.502939130758534820e-05 2.307158308014808645e-01
5.913020732225499586e-03 -4.320803061339498381e-04 -1.899408662265724329e-05 -6.418464012693538280e+03 -4.659907503416282155e-05 1.586545204890726368e-01
5.714834408373084713e-03 -5.245745328486714184e-04 -3.608540286907142717e-05 -3.568281541356030175e+03 -1.811996076827768719e-05 8.430714827731680683e-02
5.503332296699925581e-03 -5.941517862877333930e-04 -4.142712736067180162e-05 -2.638973512993312397e+03 -9.111990869621719620e-06 1.036343170190135235e-02
5.278039051869166942e-03 -6.400128831982824368e-04 -3.562669775155491984e-05 -3.516257816296606052e+03 -1.854746318412533562e-05 -6.063704159920198233e-02
5.039463007314230053e-03 -6.622980585673310730e-04 -1.970759592856857981e-05 -6.019204095707506895e+03 -4.470745582413888881e-05 -1.263804189203063533e-01
4.789315230878951959e-03 -6.617675460425525994e-04 5.062015278897686078e-06 -9.929753345511886437e+03 -8.548584804351037349e-05 -1.848302868889018513e-01
4.531020958705833657e-03 -6.398983677851760848e-04 3.713323468199167948e-05 -1.498816368507165134e+04 -1.383408804611351592e-04 -2.343071053689013972e-01
4.268109270468873825e-03 -5.986594860423304900e-04 7.486774254192501488e-05 -2.092135717290905450e+04 -2.005329393208666775e-04 -2.735057932108936329e-01
4.004020424423700673e-03 -5.405508104676045884e-04 1.165540573162264542e-04 -2.744538039274818220e+04 -2.691317122720424354e-04 -3.015525373824790578e-01
3.744275988511007892e-03 -4.683566255284067549e-04 1.604409164009491318e-04 -3.427601952301929850e+04 -3.412171146937258127e-04 -3.179677837196774881e-01
3.496364488710371286e-03 -3.851314415734927057e-04 2.047455810897437251e-04 -4.113069884954716690e+04 -4.139051243495262293e-04 -3.226711820340115167e-01
3.265135165143703139e-03 -2.942798728715905377e-04 2.477383584772343932e-04 -4.773812560286904045e+04 -4.843684808272937740e-04 -3.160026664988192513e-01
3.053374178644374659e-03 -1.993987239882435601e-04 2.877935094397737325e-04 -5.384501472729499801e+04 -5.499115198287392314e-04 -2.986680388467521374e-01
2.866170865077299641e-03 -1.036487822909274521e-04 3.236238091162446954e-04 -5.924976144531477621e+04 -6.083536109909232822e-04 -2.717099232043248547e-01
2.709630100039065338e-03 -9.862124729119803716e-06 3.542002284531876183e-04 -6.379228897659756331e+04 -6.579316688231641149e-04 -2.364105767854597362e-01
2.587044841572086473e-03 7.914345932820634089e-05 3.786367709538758920e-04 -6.734534520756246638e+04 -6.972082824343725982e-04 -1.942803608185483255e-01
2.500133874738608673e-03 1.607368869790932011e-04 3.962236495010094711e-04 -6.981336758097309212e+04 -7.250725010881286722e-04 -1.469606336092710852e-01
2.450433855067436252e-03 2.328747589297941651e-04 4.066269599110541194e-04 -7.115529707092762692e+04 -7.409925656271922154e-04 -9.623820779691404093e-02
2.438775039080181596e-03 2.939040942053607400e-04 4.097387826608241568e-04 -7.136278593562301830e+04 -7.447917072802377053e-04 -4.391537637173053427e-02
2.464114916191647610e-03 3.425464336061503304e-04 4.056620580163717020e-04 -7.045848953466267267e+04 -7.366400709872897171e-04 8.256799889605736728e-03
2.524288209637954965e-03 3.779141332947179017e-04 3.946834874303714038e-04 -6.849440510893112514e+04 -7.170272697372723041e-04 5.861694271641933879e-02
2.615865343022235386e-03 3.997201883235117345e-04 3.773679373723478540e-04 -6.556893000834097620e+04 -6.869379078147720176e-04 1.056212458888502737e-01
2.734723743083655473e-03 4.082092106446256379e-04 3.544798817768013617e-04 -6.180995049494210980e+04 -6.476484273765891050e-04 1.478989669624897751e-01
2.875964428823274150e-03 4.043021694918923561e-04 3.270261784565254995e-04 -5.737898180442527519e+04 -6.007589776951065795e-04 1.843147651964509304e-01
3.034227432980442316e-03 3.889676108747963223e-04 2.959765578671608730e-04 -5.242824012836325710e+04 -5.478910258647000332e-04 2.139727697771204862e-01
3.203605376723266725e-03 3.631187271692965131e-04 2.622099196376472940e-04 -4.709210470687333145e+04 -4.906401476500609924e-04 2.362535807799546472e-01
3.377458915557253125e-03 3.282265978298465380e-04 2.267537134200049318e-04 -4.152864291472088371e+04 -4.307335370523419265e-04 2.507970600308397913e-01
3.548502091483763093e-03 2.863539297531192624e-04 1.907942685953105877e-04 -3.592122368805751466e+04 -3.700291530349695884e-04 2.575045126011362151e-01
3.710155807210282694e-03 2.393806918621313082e-04 1.553567513168671403e-04 -3.042265039456533486e+04 -3.102032320672820013e-04 2.565218391744822357e-01
3.856535454562052840e-03 1.890084955308050051e-04 1.213095403565285653e-04 -2.515711314210946875e+04 -2.527479215832243364e-04 2.482164640300255076e-01
3.981883039440039206e-03 1.371708076517721921e-04 8.949777578191052722e-05 -2.024815104071692622e+04 -1.990631491338985912e-04 2.332193051478097245e-01
4.080823212224330906e-03 8.588046747534525604e-05 6.070832160738508026e-05 -1.581166052296144517e+04 -1.504188687891425786e-04 2.123452456378949471e-01
4.149427981147599601e-03 3.680871820394485393e-05 3.550631596393526797e-05 -1.192489428035463243e+04 -1.077478334412871187e-04 1.865382904674130204e-01
4.184798683302748575e-03 -8.601177146104010371e-06 1.430669659168520623e-05 -8.640783858798002257e+03 -7.174413590867973292e-05 1.568214625951169228e-01
4.169392419811293431e-03 -6.445438363749455093e-05 -8.214888708213099111e-06 -5.103704720926509253e+03 -3.318065509741398213e-05 1.090808936637351345e-01
4.040253087743627194e-03 -1.174126973102939590e-04 -2.419832858336764880e-05 -2.463138150157307791e+03 -5.039323876924468674e-06 4.414223134186781583e-02
3.789010235633126500e-03 -1.437921310967643933e-04 -2.515863386293524910e-05 -2.003845891324361673e+03 -1.704490665362323282e-06 -1.746583873627422998e-02
3.435433449222049639e-03 -1.433404676411308089e-04 -1.334136735662486259e-05 -3.373343480520384219e+03 -1.940615080605996852e-05 -6.948823945209330055e-02
3.009064745726275098e-03 -1.190519470206325228e-04 7.879192632716124263e-06 -6.068387509419819253e+03 -5.257745082168629189e-05 -1.073547646497447078e-01
2.546134476217574733e-03 -7.633528933385050504e-05 3.460643866483327209e-05 -9.528668331000228136e+03 -9.480224736646192707e-05 -1.285237489974151992e-01
2.084884401287965486e-03 -2.231908054821090407e-05 6.283009875811367266e-05 -1.318731890820727676e+04 -1.395190989184532391e-04 -1.325501041588285356e-01
1.659946640780680287e-03 3.522797833812336407e-05 8.891848260423002113e-05 -1.654456200354391331e+04 -1.808446717417955079e-04 -1.209100169610008435e-01
1.299653122888283973e-03 8.922889023122575235e-05 1.100939159519652666e-04 -1.924294364814927758e+04 -2.141884147556195276e-04 -9.665124178598692717e-02
1.025799124770930765e-03 1.333258788464487148e-04 1.243425395148829065e-04 -2.100912341342418949e+04 -2.362635090566088077e-04 -6.391611925410631279e-02
8.504270708689209285e-04 1.627702928482361547e-04 1.306302040717992959e-04 -2.172502811464730257e+04 -2.456266114016608356e-04 -2.734350603313264946e-02
7.685180215948920427e-04 1.750719233225663039e-04 1.290449757176480143e-04 -2.141381917499956035e+04 -2.423335959102680020e-04 8.589180345789336479e-03
7.721827883781060171e-04 1.702123012862647789e-04 1.207257005043815861e-04 -2.024131568480874557e+04 -2.282281892382055069e-04 3.983961645697361303e-02
8.416502107266630008e-04 1.499675897525523042e-04 1.072116735809864935e-04 -1.842161782995850081e+04 -2.058319014554350261e-04 6.344899194713214674e-02
9.533917206402565004e-04 1.176694334779985600e-04 9.052707060101370556e-05 -1.621378472307163247e+04 -1.783900725969515670e-04 7.757428733442206514e-02
1.080299139114338815e-03 7.723093053406229790e-05 7.258088171368573245e-05 -1.384747633716188648e+04 -1.489951968623801494e-04 8.165666220027800737e-02
1.196706004435186882e-03 3.423357499051807122e-05 5.564842211833720534e-05 -1.163368440464357991e+04 -1.212246734703279979e-04 7.632590659900688468e-02
1.283253286079677783e-03 -7.210807635427164133e-06 4.105595702964057322e-05 -9.700059668688087186e+03 -9.723436309256139971e-05 6.324620964889314523e-02
1.321979907395846431e-03 -4.272362463457606853e-05 3.010276856691268532e-05 -8.211507214148854473e+03 -7.901699153121122536e-05 4.474529669567739454e-02
1.304928792608246084e-03 -6.904171494649034803e-05 2.341666866961046971e-05 -7.235607910800248646e+03 -6.749056212853915722e-05 2.352545097842825492e-02
1.231715331700963551e-03 -8.447860701606157464e-05 2.099728842087723098e-05 -6.761794010714549586e+03 -6.266524190105381836e-05 2.311448950120132111e-03
1.108459789397819254e-03 -8.858732508056828291e-05 2.239568240595360172e-05 -6.729148750765161822e+03 -6.380280653300896834e-05 -1.645886160491746852e-02
9.471190590733811251e-04 -8.216864361765525515e-05 2.678530300871116877e-05 -7.036404076716581585e+03 -6.959423885231006671e-05 -3.087870792793482450e-02
7.638265210920049423e-04 -6.709732467178614469e-05 3.310229186807483662e-05 -7.558127380204755354e+03 -7.835517895220081347e-05 -3.974061732555714266e-02
5.764324968110879147e-04 -4.608589803076965752e-05 4.016397398811121416e-05 -8.156029198827494838e+03 -8.824808731565951709e-05 -4.258572584383597814e-02
4.027094394696136503e-04 -2.199651729312244132e-05 4.690848204369913176e-05 -8.719815813301582239e+03 -9.767061453166648525e-05 -3.965935315461476679e-02
2.576580090222609304e-04 2.223763448692315778e-06 5.245113471085004236e-05 -9.159086993839729985e+03 -1.052308148476901437e-04 -3.187546495872160823e-02
1.515855652437832094e-04 2.361750060640585108e-05 5.597803421082991383e-05 -9.376340394754393856e+03 -1.096831774511457372e-04 -2.057401023392718686e-02
9.119695758791452017e-05 4.048926092132376354e-05 5.725147558295376709e-05 -9.369761046949461161e+03 -1.106924839082259663e-04 -7.342699034408995025e-03
7.424886562809488800e-04 -3.307753790167522858e-04 -2.774838837929483027e-04 6.638105583825637586e+04 8.047990822264831944e-05 5.263739084497565113e-02
6.060983182799479802e-04 -3.326701331334142573e-04 -3.163597554297975989e-04 7.881987821352493484e+04 1.072789986731548456e-04 6.289797250428880160e-02
6.318353480324817107e-04 -4.186395219994973934e-04 -4.453124766869976628e-04 9.503168768313381588e+04 1.585978036644801383e-04 7.709441376631712139e-02
9.927049328531853921e-04 -4.744239726863428959e-04 -5.308775898316780940e-04 1.096816243200715689e+05 2.110824057834720054e-04 8.423549326417467675e-02
1.148130344015369604e-03 -5.104610304776027859e-04 -5.937630265291646888e-04 1.238208912879627023e+05 2.639635760594014947e-04 9.286047774302504110e-02
1.243537850033257612e-03 -5.461786401156878057e-04 -6.654687367379243622e-04 1.372784851757788274e+05 3.194181552807865169e-04 1.012694731071946685e-01
1.433041414673727997e-03 -5.740841296317722095e-04 -7.316586800904493907e-04 1.494312268426130177e+05 3.736991889580192766e-04 1.066104364776687408e-01
1.679185405643467957e-03 -5.926286992521379547e-04 -7.910619925649873619e-04 1.606857425661483139e+05 4.307052509522618774e-04 1.099039611217240836e-01
1.873713824952956365e-03 -6.022624012930316833e-04 -8.425018645839781441e-04 1.705833482705201604e+05 4.842042703853313809e-04 1.121174935584100946e-01
2.049399433469075663e-03 -5.994871637326151413e-04 -8.849785401337660791e-04 1.786450289882206125e+05 5.326920523612407518e-04 1.124538827824987097e-01
2.250586515659187391e-03 -5.859268374645915578e-04 -9.191509723759786529e-04 1.850110333455497457e+05 5.772119460969865612e-04 1.105769006187269088e-01
2.472316871395586341e-03 -5.638472649306867880e-04 -9.448986790631100016e-04 1.898373510788917192e+05 6.175026209053075541e-04 1.067511276055932018e-01
2.668050723355319589e-03 -5.323035305424467017e-04 -9.605642867411296609e-04 1.929052689127912745e+05 6.514733544452990270e-04 1.014143758277499391e-01
2.841628210586033543e-03 -4.915068900525220883e-04 -9.664699612142490029e-04 1.941628582793493697e+05 6.784094885429947305e-04 9.456033167304453424e-02
3.087886504190532396e-03 -4.201461887469773427e-04 -9.597385589395132904e-04 1.928619007940796728e+05 7.041730710459601257e-04 8.202339505427944100e-02
3.361235772107546479e-03 -3.155639050259251201e-04 -9.296989672235150002e-04 1.868295952640720061e+05 7.175956468432186531e-04 6.305872736923538724e-02
3.548321855183301458e-03 -2.018599752407397878e-04 -8.769269533325846269e-04 1.762441905510097276e+05 7.090171331462899375e-04 4.209226565490188643e-02
3.648521673065836194e-03 -8.708372961462019189e-05 -8.052185827560525214e-04 1.618916390672151465e+05 6.793339586526326006e-04 2.077366377037779752e-02
3.657689918685098907e-03 2.046224760828752645e-05 -7.192200334551471968e-04 1.447054198325753096e+05 6.312465343218928498e-04 5.840012380641129187e-04
3.534358970794486930e-03 1.091038663678554156e-04 -6.254104439848946024e-04 1.259879060647884326e+05 5.707957706177391351e-04 -1.675112976222851990e-02
3.251253527367697210e-03 1.689280734846248177e-04 -5.298299663748749777e-04 1.069482628381504328e+05 5.038309942789338499e-04 -2.977802508541994159e-02
2.807355543228793639e-03 1.914127551898038289e-04 -4.383129367665011215e-04 8.874613875489038764e+04 4.357073542544888291e-04 -3.718024111853615588e-02
2.201984584575314950e-03 1.699746971160227404e-04 -3.560968536923026949e-04 7.241932459396361082e+04 3.718427385634416821e-04 -3.804397313284994114e-02
1.426934603170395503e-03 9.889647179068836798e-05 -2.883840782862718156e-04 5.899699155962248915e+04 3.184583114766620956e-04 -3.175375424466757301e-02
4.811519759416140645e-04 -2.537253694183499558e-05 -2.393371058588933766e-04 4.930567475202233618e+04 2.809391583432337223e-04 -1.813628412880450083e-02
-6.289341869015559108e-04 -2.046763077445266834e-04 -2.123176629757266519e-04 4.401606033515824674e+04 2.639826725996976251e-04 2.613687947994479746e-03
-1.892310399817463554e-03 -4.384964606765341623e-04 -2.095691203865142056e-04 4.356533279132853932e+04 2.711971622375527503e-04 2.990837477678347928e-02
-3.294153582876390568e-03 -7.244220393696961533e-04 -2.323972952305039075e-04 4.819675361844080908e+04 3.052448192553899615e-04 6.284887110458842185e-02
-4.809767079885445863e-03 -1.057659073404148067e-03 -2.806854358775730490e-04 5.788361975477648957e+04 3.672092148131923133e-04 1.001288194624141703e-01
-6.409384816663324380e-03 -1.431858219442370137e-03 -3.533080552662700075e-04 7.240443849425115332e+04 4.569916108036452002e-04 1.402096873043156278e-01
-8.064687604487032549e-03 -1.839009277548557010e-03 -4.482971813247260207e-04 9.135187028951878892e+04 5.734641832858145688e-04 1.813503807015890423e-01
-9.747470585183354297e-03 -2.270251944383886236e-03 -5.630521138205051880e-04 1.141861953370908595e+05 7.145862164996329103e-04 2.217888816391475892e-01
-1.141919513286710278e-02 -2.714813022687201458e-03 -6.936459069120718118e-04 1.401136553287091665e+05 8.763824769530411752e-04 2.596719030641999604e-01
-1.304089534690571102e-02 -3.161630850391214387e-03 -8.356492705407285405e-04 1.682533588430007803e+05 1.054085401428851492e-03 2.932606720234935960e-01
-1.457801930612344712e-02 -3.599008476807255465e-03 -9.840280646793062545e-04 1.976300760125183151e+05 1.242212670927701768e-03 3.208904505029423482e-01
-1.599937234834622468e-02 -4.015967353697258609e-03 -1.133856094601998253e-03 2.272737912371516577e+05 1.435137033478441765e-03 3.411767665946541239e-01
-1.727181591565836796e-02 -4.401807386201325029e-03 -1.280164892214383839e-03 2.561456968244076415e+05 1.626562734058660227e-03 3.530668858517493347e-01
-1.836567793951910180e-02 -4.746842071277247374e-03 -1.418279195797852261e-03 2.832895396476587048e+05 1.810389550039987437e-03 3.557940819578661040e-01
-1.925459938237016055e-02 -5.041822198797515399e-03 -1.543513812674700801e-03 3.078219703638367937e+05 1.980495881471057689e-03 3.488269248687481672e-01
-1.992019509186285578e-02 -5.279486023688368009e-03 -1.651842245354710010e-03 3.289910970892474288e+05 2.131544872491682174e-03 3.321032600613237351e-01
-2.035273636761840421e-02 -5.454688636234168719e-03 -1.739888915167874623e-03 3.461529651165899122e+05 2.258924721135997533e-03 3.061521987055870198e-01
-2.054501610813778967e-02 -5.563540623466452575e-03 -1.804896806207592066e-03 3.587703593924285378e+05 2.358473123858466705e-03 2.717553045189326499e-01
-2.049104779798729958e-02 -5.603102757868872255e-03 -1.844653953892506568e-03 3.663998610166813014e+05 2.426345097748233010e-03 2.299109313029512047e-01
-2.019390839991095851e-02 -5.572636120059306850e-03 -1.858155980841644673e-03 3.688322787141738809e+05 2.460439538173162747e-03 1.819816861768779326e-01
-1.966559769545182454e-02 -5.473750786603997533e-03 -1.845595269635147764e-03 3.660952193280092324e+05 2.460399996169065039e-03 1.296778017094721847e-01
-1.892552867454784515e-02 -5.312287877825662592e-03 -1.808669803598571095e-03 3.585378831827525864e+05 2.427697667915694468e-03 7.501548705357083402e-02
-1.799896164282344807e-02 -5.096215575308363742e-03 -1.749814977825763429e-03 3.466765805638307938e+05 2.364758550734905821e-03 2.013388340108271737e-02
-1.691979452306683132e-02 -4.828904143213205366e-03 -1.669823014248548922e-03 3.307294088506084518e+05 2.272459821218498696e-03 -3.309136872719556366e-02
-1.572333794305828814e-02 -4.512807839902954234e-03 -1.569411066041837303e-03 3.108878057150645182e+05 2.151821243525065940e-03 -8.298612400387139765e-02
-1.443346230822933202e-02 -4.159496199803405965e-03 -1.453684193946302820e-03 2.880941246761938091e+05 2.009053126110574468e-03 -1.277831886585649446e-01
-1.307449982867058165e-02 -3.783000164450050270e-03 -1.328838730260942800e-03 2.634909992151511251e+05 1.851734558389241591e-03 -1.657978305186597889e-01
-1.169478693785474047e-02 -3.392530848274267173e-03 -1.198385937754501383e-03 2.378181899304760445e+05 1.684579605389745563e-03 -1.955316264803191317e-01
-1.034018054786111501e-02 -2.995751609841414836e-03 -1.065170747065584357e-03 2.116999184280933405e+05 1.511681417251286869e-03 -2.158476862148832054e-01
-9.031284677365108982e-03 -2.602073840831992894e-03 -9.333561582652288163e-04 1.859411879871087149e+05 1.338899374060633978e-03 -2.262164326677692239e-01
-7.789472372966155765e-03 -2.220704945543509803e-03 -8.070877626471363673e-04 1.613264688696619705e+05 1.172060712278963834e-03 -2.264373430940768983e-01
-6.654874287294114572e-03 -1.860129970999421139e-03 -6.900092036716499663e-04 1.385528522121641727e+05 1.016328865245377236e-03 -2.165786817734627334e-01
-5.658698114254510567e-03 -1.527784972875660804e-03 -5.852300413519186941e-04 1.182202163183852972e+05 8.762505147311115423e-04 -1.970151085045120098e-01
-4.812841567742286338e-03 -1.230090140369228700e-03 -4.953590073013636273e-04 1.008368173269396066e+05 7.558708431842924187e-04 -1.685324017464846780e-01
-4.127253709768176522e-03 -9.720771838285338943e-04 -4.224203797000244715e-04 8.678463875879807165e+04 6.583864555261048548e-04 -1.322635129292488998e-01
-3.613609772250138234e-03 -7.573300408683419829e-04 -3.678336989502867271e-04 7.631169846185136703e+04 5.860777893088300536e-04 -8.971796972172774165e-02
-3.276212836841899730e-03 -5.879031868403412388e-04 -3.322597045541978117e-04 6.952985573436740378e+04 5.402060479082983115e-04 -4.255177403727532226e-02
-3.111640797070133139e-03 -4.644368767526207910e-04 -3.156453545110532487e-04 6.642443615798016253e+04 5.210778076859707295e-04 7.466673179980589520e-03
-3.113344934971421993e-03 -3.863808725602262996e-04 -3.173992883584577729e-04 6.686736702209751820e+04 5.281687948599675343e-04 5.847034316973157703e-02
-3.271655298939895890e-03 -3.521148553455737715e-04 -3.364545115912717611e-04 7.063155507996985398e+04 5.602069134354954781e-04 1.085520322339013494e-01
-3.568010923747852448e-03 -3.583172149986258684e-04 -3.709621076765291141e-04 7.734442997495230520e+04 6.147243810212818863e-04 1.558446883691588791e-01
-3.979901788124940408e-03 -4.006156685761708787e-04 -4.186005825035367086e-04 8.654663942010076426e+04 6.885356152948600861e-04 1.986016486713206297e-01
-4.489596595826181140e-03 -4.740613118494111625e-04 -4.767929915807577954e-04 9.773156626724115631e+04 7.781214623113549963e-04 2.353197475281641748e-01
-5.079282373034938076e-03 -5.733309848891313381e-04 -5.428198027881483978e-04 1.103709568462371244e+05 8.797060545309770205e-04 2.647344007677452371e-01
-5.720194430259622695e-03 -6.921738759971330420e-04 -6.135856418988641821e-04 1.238813320814923791e+05 9.887388387663335887e-04 2.858613813643585133e-01
-6.382203624963704407e-03 -8.242287065850699510e-04 -6.860253802812676764e-04 1.376789107571177010e+05 1.100617456709960130e-03 2.979904077619290326e-01
-7.040601710142762801e-03 -9.632770016630620626e-04 -7.572875088523538505e-04 1.511868354771693412e+05 1.211019942951785909e-03 3.007912646260725298e-01
-7.672439032441586391e-03 -1.103425472067447958e-03 -8.247383377441869917e-04 1.638838719767552102e+05 1.315954881232099267e-03 2.942094874830046281e-01
-8.253552124735911641e-03 -1.239001005456361265e-03 -8.858941466946671818e-04 1.753275339369410067e+05 1.411684255016119622e-03 2.785235688963276779e-01
-8.765263305434606994e-03 -1.364879252177974081e-03 -9.385620236050637487e-04 1.851254336321130686e+05 1.494852194176391619e-03 2.543488147950953571e-01
-9.197448954599021786e-03 -1.476547388441667216e-03 -9.808909858860901006e-04 1.929231739902447734e+05 1.562513424249645146e-03 2.227511953622096086e-01
-9.538585601740855527e-03 -1.569966252436054595e-03 -1.011486282279644129e-03 1.984571238031809917e+05 1.612417523952148048e-03 1.849432297410950332e-01
-9.773553682714215818e-03 -1.641568665078784297e-03 -1.029452211694529672e-03 2.015706796386014321e+05 1.643100402557636083e-03 1.422583293620175993e-01
-9.893886509592893230e-03 -1.689124824215341991e-03 -1.034261759457650058e-03 2.021845418494161277e+05 1.653698841698780222e-03 9.620636430139861694e-02
-9.898735791700518163e-03 -1.711740855605110422e-03 -1.025754985389302305e-03 2.002926358666226151e+05 1.643928844654299858e-03 4.846718887020260574e-02
-9.791305096340276182e-03 -1.709098780493695756e-03 -1.004391771792846524e-03 1.959860767990703753e+05 1.614307811204447737e-03 7.304271386892073267e-04
-9.577279451026167109e-03 -1.681490762436963068e-03 -9.711883893680806372e-04 1.894489602260586689e+05 1.566108922681200841e-03 -4.535250067312713435e-02
-9.261584999465759943e-03 -1.630903840163650843e-03 -9.277939908589898001e-04 1.810120940647041716e+05 1.501716073119600814e-03 -8.825023189763742115e-02
-8.850603458117774908e-03 -1.560153026425419032e-03 -8.760961830939504105e-04 1.710630450381084811e+05 1.423995514430846394e-03 -1.265704231857243678e-01
-8.361173764480632833e-03 -1.471163599451730166e-03 -8.174529256907491848e-04 1.598617429049289203e+05 1.335107747996213453e-03 -1.591055301673769962e-01
-7.812770076782915227e-03 -1.365902785433743003e-03 -7.532213003484782834e-04 1.476559728332129889e+05 1.237242629491459335e-03 -1.848450262514969022e-01
-7.216825484474164408e-03 -1.248373237313759676e-03 -6.858720354660077572e-04 1.349117083341352991e+05 1.134232379893062963e-03 -2.030746103956055648e-01
-6.583835637081219064e-03 -1.122838344168119052e-03 -6.179150604941084429e-04 1.221017539786126436e+05 1.029951775212292232e-03 -2.133286090488689946e-01
-5.931502813049225990e-03 -9.923230326458743183e-04 -5.509066933846256363e-04 1.095079843599499436e+05 9.268397114508415387e-04 -2.154735928077570473e-01
-5.278015897927867961e-03 -8.601348542537299571e-04 -4.863907519708090361e-04 9.741253634578629863e+04 8.273062648868046397e-04 -2.096161436820493662e-01
-4.638657483709073687e-03 -7.311745045121029012e-04 -4.266000917456370359e-04 8.623996069285296835e+04 7.347862972546974954e-04 -1.961661493492048713e-01
-4.027020999705067071e-03 -6.093375241125745722e-04 -3.733325228489408829e-04 7.632702686236180307e+04 6.521840575447533477e-04 -1.757553908705329349e-01
-3.455363758553401873e-03 -4.963483859856087895e-04 -3.274404413097343840e-04 6.781724457299061760e+04 5.811871518689012885e-04 -1.492924640456477769e-01
-2.932533273470476921e-03 -3.943397771022738672e-04 -2.897442994865889396e-04 6.084468361915083369e+04 5.231707416751544453e-04 -1.178320144771447253e-01
-2.463518639843858930e-03 -3.064331597768651309e-04 -2.612124611487865074e-04 5.557105911823987117e+04 4.793606048048968836e-04 -8.258154025873186421e-02
-2.054863078388452068e-03 -2.342279026187602713e-04 -2.420765336987669067e-04 5.203185801491734310e+04 4.501673194945660724e-04 -4.487065484829280693e-02
-1.714657235052829921e-03 -1.776770497058092655e-04 -2.318159817761279403e-04 5.013206154609838995e+04 4.351879704796994433e-04 -6.129951096153854646e-03
-1.445067782187135341e-03 -1.372743846677677729e-04 -2.301683715079167109e-04 4.980894313279820926e+04 4.340554877239293625e-04 3.229287305126658097e-02
-1.243537131115616916e-03 -1.138783505555203857e-04 -2.370297586894872487e-04 5.101968448161950073e+04 4.463640816492598197e-04 6.913811953995926962e-02
-1.109089837594379657e-03 -1.069559941268299099e-04 -2.515246809157738379e-04 5.360402756391141884e+04 4.707879250658028396e-04 1.031683925372555433e-01
-1.040885208301568776e-03 -1.150273916825108965e-04 -2.723107638737379179e-04 5.732691618233840563e+04 5.054196232776400101e-04 1.332253226093952636e-01
-1.032555077870147284e-03 -1.363900372492545302e-04 -2.981595931100336234e-04 6.194922028960239550e+04 5.482915304551288366e-04 1.584033376293059181e-01
-1.074949730355210294e-03 -1.691817856638761256e-04 -3.278587888845791798e-04 6.722895696799011785e+04 5.973484424264523945e-04 1.779865839958195139e-01
-1.158556420735268495e-03 -2.111553438923316917e-04 -3.599083486960972080e-04 7.289716997045722383e+04 6.501258831302574948e-04 1.914335778380969189e-01
-1.275407429118329949e-03 -2.600710282254127407e-04 -3.928358888024898474e-04 7.869641404079479980e+04 7.042501697253618180e-04 1.983832974873306898e-01
-1.421698685637901374e-03 -3.140099268747303636e-04 -4.254883159040030597e-04 8.441700292710696522e+04 7.579253635761994254e-04 1.987703489968068449e-01
-1.590986804464786198e-03 -3.708450097564358031e-04 -4.567231655452537453e-04 8.984977957234834321e+04 8.093247335967384149e-04 1.927270641984314414e-01
-1.768097616064313220e-03 -4.276878569040726014e-04 -4.851547133685807432e-04 9.474560160215631186e+04 8.560853571460596070e-04 1.806246099952489581e-01
-1.942948506235399418e-03 -4.819837372094264898e-04 -5.096054464691502760e-04 9.889806549871570314e+04 8.962646604058419064e-04 1.629978482789766758e-01
-2.117112906180192936e-03 -5.319895203549984209e-04 -5.293227693991699569e-04 1.021846951054219389e+05 9.287994125295722520e-04 1.405826762198676694e-01
-2.285881016001793230e-03 -5.760560681110875455e-04 -5.436635943097098455e-04 1.045009655169913312e+05 9.526487707257504231e-04 1.142342866789407552e-01
-2.433825227503981069e-03 -6.124702674253472163e-04 -5.520433181771639778e-04 1.057486364137298224e+05 9.666268685342163875e-04 8.493322278076437248e-02
-2.553696190824056040e-03 -6.400301872541929284e-04 -5.542523206735221111e-04 1.058940323554916831e+05 9.703411494887405038e-04 5.369800272908831912e-02
-2.647912800517470550e-03 -6.581080288535888110e-04 -5.504679402293615039e-04 1.049714601497895201e+05 9.642377675349852800e-04 2.157566127997483443e-02
-2.714875159552325619e-03 -6.663951575802757243e-04 -5.409036251087895146e-04 1.030287477998590184e+05 9.486584637730408141e-04 -1.035867157049539036e-02
-2.749634719680333055e-03 -6.648160298859162641e-04 -5.258023408690288766e-04 1.001233485090524046e+05 9.238623656640531940e-04 -4.103635876877820277e-02
-2.752442386364058712e-03 -6.534091198507454082e-04 -5.056331778847290978e-04 9.634290376104053576e+04 8.906209682162356551e-04 -6.953277761258047640e-02
-2.726498325519489344e-03 -6.324294610165478525e-04 -4.810439631553405397e-04 9.180155342642667529e+04 8.500805588742533191e-04 -9.504456198172303583e-02
-2.672071479319672316e-03 -6.029035201977548915e-04 -4.528777475335423039e-04 8.665556681655334251e+04 8.036252889907931872e-04 -1.168525126678740811e-01
-2.588685116978407287e-03 -5.661673221337777846e-04 -4.220462690611956097e-04 8.107422326182399411e+04 7.527167948515387083e-04 -1.343490858470307303e-01
-2.479024583186924344e-03 -5.233198322990679444e-04 -3.894125997160982383e-04 7.520665513121428376e+04 6.987713011848940229e-04 -1.471545612480430198e-01
-2.347334444328883982e-03 -4.755371626186390924e-04 -3.558463712036790631e-04 6.920100058450321376e+04 6.432330200650774200e-04 -1.550388883292147524e-01
-2.198788602324740563e-03 -4.245616424648247247e-04 -3.223384321390384503e-04 6.323380835421157099e+04 5.877536773137546650e-04 -1.579271477919432787e-01
-2.037524490697036582e-03 -3.720245747430329930e-04 -2.897725076430371339e-04 5.745949108219774644e+04 5.338123086017046741e-04 -1.558918902812555518e-01
-1.864958731906163824e-03 -3.189872724369025329e-04 -2.587475454639144687e-04 5.197016227987365710e+04 4.824212844718061047e-04 -1.492293082738207488e-01
-1.683679050495405592e-03 -2.667435717831066516e-04 -2.299074331010928375e-04 4.686929269461631338e+04 4.346241144537821635e-04 -1.383404403066893773e-01
-1.499466949668506457e-03 -2.172366689228199860e-04 -2.040972923110333779e-04 4.230641378161575994e+04 3.917247861436419162e-04 -1.237284867993375392e-01
-1.317432979657118556e-03 -1.719227945655541650e-04 -1.819063163330303704e-04 3.838275533418884879e+04 3.546855901119515286e-04 -1.060095160621017107e-01
-1.141022369898743796e-03 -1.314528784351530965e-04 -1.635268335526492871e-04 3.512279685968092963e+04 3.239381835245140140e-04 -8.593446538343543772e-02
-9.733225219640297132e-04 -9.640054791184322761e-05 -1.490254053527128252e-04 3.253158869576023426e+04 2.996762841660275908e-04 -6.425538582875968407e-02
-8.171747156462532422e-04 -6.737079353751202740e-05 -1.383931867552345421e-04 3.060453329369069979e+04 2.819105717385208556e-04 -4.171071779659973194e-02
-6.742529011378493127e-04 -4.488777580320036005e-05 -1.316061177488452743e-04 2.933213923206080653e+04 2.705500822501635382e-04 -1.906245450398898200e-02
-5.453358708889421069e-04 -2.933690143181288319e-05 -1.286050319688636248e-04 2.869705126965723684e+04 2.653990993873531494e-04 2.918240628648281765e-03
-4.316260789807156890e-04 -2.065509025434110466e-05 -1.291348501854320250e-04 2.865044339853161000e+04 2.660167913932144656e-04 2.351484159544370983e-02
-3.346245109993239639e-04 -1.846629242042426922e-05 -1.327908559652331896e-04 2.912017631610084572e+04 2.717727101299791657e-04 4.208510131852779418e-02
-2.557889604218893816e-04 -2.226022289066660704e-05 -1.390388370282152593e-04 3.001601011279338127e+04 2.818412573864087500e-04 5.814059464368427632e-02
-1.958658053526994146e-04 -3.143802497501163487e-05 -1.473092775685151917e-04 3.124270464595244994e+04 2.953167031345261921e-04 7.129325219782327305e-02
-1.530864079265923305e-04 -4.526802730604714061e-05 -1.571089237162950371e-04 3.271436567553004352e+04 3.113081060298525903e-04 8.121693848661309945e-02
-1.255163009208374247e-04 -6.292995583593255927e-05 -1.679475029042791978e-04 3.434569271666750865e+04 3.289277685007170192e-04 8.768065389120548170e-02
-1.135918946417335021e-04 -8.346392337457407833e-05 -1.792294893203268396e-04 3.603800556806657551e+04 3.472364823277213899e-04 9.064842312569544591e-02
-1.173147841947823073e-04 -1.058530775108942055e-04 -1.903559552231914962e-04 3.769405307403263578e+04 3.653089000540283844e-04 9.018343212735641101e-02
-1.340177544696185901e-04 -1.290216098010456747e-04 -2.007785434110185836e-04 3.922659158883246710e+04 3.822594966420821421e-04 8.643688704521888810e-02
-1.606494241833730644e-04 -1.520292025543127908e-04 -2.100641761843690823e-04 4.056779173874207481e+04 3.973333244980820360e-04 7.965655134438286156e-02
-1.946174870251754345e-04 -1.741710781613692598e-04 -2.179471671745260861e-04 4.167749218419472163e+04 4.099717988501319545e-04 7.022839181972836964e-02
-2.343152044163550405e-04 -1.946930498305514564e-04 -2.241486321387392989e-04 4.251305320470221341e+04 4.197024203583817710e-04 5.858695967697139656e-02
-2.792392241194112086e-04 -2.127198461256858675e-04 -2.283369032971558417e-04 4.302267224369927135e+04 4.261227845966348649e-04 4.520535791269248566e-02
-3.276100568373488896e-04 -2.275788769618497455e-04 -2.303278881874399697e-04 4.317792419190298824e+04 4.289506886110520142e-04 3.058866648303005045e-02
-3.762567253651628429e-04 -2.388417074463568658e-04 -2.301059564786399228e-04 4.297758009201115783e+04 4.280397592205405070e-04 1.527284532094838089e-02
-4.233138545676668244e-04 -2.461922820689145075e-04 -2.276908081942816099e-04 4.242959394607048307e+04 4.234213574651799037e-04 -1.976528254870618282e-04
-4.679052246351833523e-04 -2.494125915201238068e-04 -2.231297096556406729e-04 4.154834332319280657e+04 4.152710138658549047e-04 -1.528623666148052306e-02
-5.075710098890401714e-04 -2.484461131273928559e-04 -2.165558144551842871e-04 4.035580592866904044e+04 4.038126527301011729e-04 -2.952501760792795513e-02
-5.393370238128586706e-04 -2.433781302394281694e-04 -2.081754612851331157e-04 3.888256248556990613e+04 3.893361477900066873e-04 -4.250094698935989040e-02
-5.630409366222115415e-04 -2.344944697669728748e-04 -1.982918722399972596e-04 3.717999821152032382e+04 3.723499478072657865e-04 -5.382933498356679697e-02
-5.794837476594204805e-04 -2.222096794869759216e-04 -1.872544772864944589e-04 3.530891429412053549e+04 3.534612982615492572e-04 -6.317784907694984353e-02
-5.875098284094478667e-04 -2.070606286241050403e-04 -1.754188987623472537e-04 3.332811576318654988e+04 3.332522878184774121e-04 -7.034587856625329483e-02
-5.856388112786163136e-04 -1.895570767085034286e-04 -1.631031005117606714e-04 3.128746056724455411e+04 3.122460628246427508e-04 -7.520758830697742148e-02
-5.737639712121273515e-04 -1.700132417308188471e-04 -1.505244698989265974e-04 2.921587513641208352e+04 2.908515268715695500e-04 -7.769433047551728422e-02
-5.520132075471331952e-04 -1.488895224372281125e-04 -1.379457154346817611e-04 2.715020790916812985e+04 2.695246004024456324e-04 -7.780335581672473411e-02
-5.200748619180236426e-04 -1.271232356724177339e-04 -1.258081257576666354e-04 2.516065312289651774e+04 2.489185871843550574e-04 -7.564131617851334310e-02
-4.783662045526523030e-04 -1.055142907234815500e-04 -1.144702978160749358e-04 2.330407689228132949e+04 2.295883415279144813e-04 -7.138042593619639553e-02
-4.287441651185641125e-04 -8.443816295802614917e-05 -1.040772449022211559e-04 2.160094366869023725e+04 2.118419195572388870e-04 -6.526543124936880214e-02
-3.724732377359063289e-04 -6.435014766992307525e-05 -9.477816463338638417e-05 2.007261541231396768e+04 1.959591185156313081e-04 -5.757285988327780213e-02
-3.097049900971658764e-04 -4.591262772853643150e-05 -8.677845644553574796e-05 1.875008676926231419e+04 1.822394290860115962e-04 -4.860956561369885603e-02
-2.412856706994487700e-04 -2.957473131378812723e-05 -8.020294119861451788e-05 1.764866670402515228e+04 1.708731532484238135e-04 -3.871433826252621696e-02
-1.689678579899887183e-04 -1.553136413726232261e-05 -7.507879451676985490e-05 1.676574265176578774e+04 1.619248305097778149e-04 -2.825658263375199417e-02
-9.441035603128618465e-05 -4.019863394673197462e-06 -7.140466500612541211e-05 1.610165712861905013e+04 1.554011186129811433e-04 -1.760501280851703432e-02
-1.904401249943938292e-05 4.695593324305870706e-06 -6.915491456271597337e-05 1.565784855709873409e+04 1.512525257886906840e-04 -7.119589084884241949e-03
5.613390229155506287e-05 1.055724767570268810e-05 -6.824409274673325944e-05 1.541559776732990940e+04 1.493047533647927556e-04 2.868241325389143254e-03
1.302705588507677571e-04 1.365120473030794799e-05 -6.854489911626204714e-05 1.534480339681004079e+04 1.493096622967387762e-04 1.205880785547626746e-02
2.018023213259518525e-04 1.408989044409344641e-05 -6.990927438527326184e-05 1.542492548310241182e+04 1.510429891724899794e-04 2.020613272357575305e-02
2.689329780731375017e-04 1.201260980924277943e-05 -7.217720332750615533e-05 1.563884705999301877e+04 1.542763023293898604e-04 2.710383356432323476e-02
3.548833347554047760e-04 4.805398355390278734e-06 -7.674130418892608516e-05 1.613876464902971020e+04 1.610395448685592891e-04 3.436769761426013148e-02
4.448374775840397083e-04 -9.571634322022485087e-06 -8.372708930972737188e-05 1.693223804299619223e+04 1.715420261727202734e-04 3.910057857479710963e-02
5.055818682040160144e-04 -2.720119211469070847e-05 -9.063295838951515105e-05 1.769674067154531804e+04 1.819513003602674127e-04 3.823633753145393166e-02
5.356121692437115821e-04 -4.595445552301363800e-05 -9.653931401960300963e-05 1.831890269359642116e+04 1.906338134796043185e-04 3.235847756830709243e-02
5.338069249130309888e-04 -6.326806457812708456e-05 -1.004292745126068702e-04 1.865636883099709303e+04 1.960108614554854391e-04 2.255478357327315303e-02
5.049997427271839083e-04 -7.679105088914816462e-05 -1.016082124768103774e-04 1.860984606182101561e+04 1.969404691253208060e-04 1.028224618768241831e-02
4.534923492423502097e-04 -8.509787295358607411e-05 -9.991474860379050799e-05 1.817059074680725098e+04 1.931939779283812640e-04 -2.938848384527938985e-03
3.867262056917864085e-04 -8.748736539124266456e-05 -9.547134379013419968e-05 1.736554090070008169e+04 1.850057310250790611e-04 -1.551654739732863560e-02
3.130306624990479743e-04 -8.427728636746587964e-05 -8.880985555480673814e-05 1.628103877882953384e+04 1.731833615379934298e-04 -2.616172496375546858e-02
2.380284714866149330e-04 -7.561912493661673883e-05 -8.037926246848102864e-05 1.495746168658144779e+04 1.585427770683853199e-04 -3.383906684676398630e-02
1.713719228376623489e-04 -6.318221392003231529e-05 -7.109945605260258798e-05 1.354415875467848491e+04 1.425211822709369772e-04 -3.799790784849665926e-02
1.181976361099022809e-04 -4.800974158013673578e-05 -6.158242817609686738e-05 1.210705572924486114e+04 1.262315978906343049e-04 -3.849297711902405217e-02
8.424845050864315072e-05 -3.227319110156229629e-05 -5.277558481441371480e-05 1.078136300294859757e+04 1.110472814428460072e-04 -3.560838698322828233e-02
6.872221541126840953e-05 -1.744893004989611933e-05 -4.519022270309412448e-05 9.626859484192735181e+03 9.789406476940520668e-05 -2.996995755762300873e-02
7.380356022647873077e-05 -4.824663928251623167e-06 -3.917920978977061013e-05 8.681560456133927801e+03 8.732516310560543274e-05 -2.245995724363417795e-02
9.670016139112357512e-05 4.675278492447051558e-06 -3.490136865824657947e-05 7.960270480771422626e+03 7.958040590370364078e-05 -1.403331892288590781e-02
1.345146961196926982e-04 1.017003349144250492e-05 -3.249215642618475617e-05 7.484181445723861543e+03 7.481331747204797574e-05 -5.690992165002599010e-03
1.821454988070243428e-04 1.175378384584190815e-05 -3.166572209155613441e-05 7.208716324775651628e+03 7.259268869333021404e-05 1.680950408913384339e-03
2.336344136737214777e-04 9.754789110198654493e-06 -3.209640322135483693e-05 7.091881460136160058e+03 7.239682336810373479e-05 7.404228089956249592e-03
2.835447403751253513e-04 4.810877083122715543e-06 -3.339851324113896818e-05 7.086682692152625350e+03 7.358845881486282602e-05 1.104124346906778034e-02
3.266859208873256577e-04 -2.061711952067005220e-06 -3.508456914099535072e-05 7.132866889291003645e+03 7.541571950887581463e-05 1.243284001408373994e-02
3.586308224161853650e-04 -9.773597414434717688e-06 -3.671527277861573869e-05 7.177827515127708466e+03 7.719736374033951101e-05 1.167579419281844326e-02
3.775505978639610719e-04 -1.729939104856320200e-05 -3.796352583290641471e-05 7.181872049315888944e+03 7.837860320243557897e-05 9.102348612212728118e-03
3.809997341225726032e-04 -2.374000610149726734e-05 -3.852202769747018016e-05 7.113614367494945327e+03 7.852244635809823333e-05 5.213233960830683522e-03
3.701188793767645042e-04 -2.846673729855004467e-05 -3.830057623684592110e-05 6.970566841773276792e+03 7.749639841061019881e-05 5.704368117592208349e-04
3.474190220358938500e-04 -3.072915329739144691e-05 -3.714440801309264065e-05 6.722336508445505387e+03 7.503834615998934015e-05 -4.175838307885801348e-03
3.153443085355439103e-04 -3.070698542758711904e-05 -3.525776716902178189e-05 6.407959450307326733e+03 7.147104097717507036e-05 -8.507638803614426398e-03
2.773831430121705436e-04 -2.844390352352457160e-05 -3.273890322940529492e-05 6.030000030559335755e+03 6.697875986704285821e-05 -1.195549989714007541e-02
2.377584066130060381e-04 -2.429031690475402501e-05 -2.976568193961897792e-05 5.607915443144304845e+03 6.183011256135990052e-05 -1.421977620975851953e-02
